;target;target_original;prediction_target_1;metric_1
Node_265;rename_Node_265;rename_Node_265;rename_Node_265;0.9636739864967901
Node_1690;rename_Node_1690;rename_Node_1690;rename_Node_2066;1.0846230543663418
Node_1295;rename_Node_1295;rename_Node_1295;rename_Node_1295;1.0540837239880474
Node_2202;rename_Node_2202;rename_Node_2202;rename_Node_2202;0.9882778124115035
Node_2056;rename_Node_2056;rename_Node_2056;rename_Node_2056;1.117810411930755
Node_2291;rename_Node_2291;rename_Node_2291;rename_Node_2291;1.052690858364282
Node_1910;rename_Node_1910;rename_Node_1910;rename_Node_824;1.1245361646762264
Node_2001;rename_Node_2001;rename_Node_2001;rename_Node_89;1.1832064453246918
Node_1528;rename_Node_1528;rename_Node_1528;rename_Node_1294;1.0592137803708082
Node_1007;rename_Node_1007;rename_Node_1007;rename_Node_146;1.1423289570789676
Node_1564;rename_Node_1564;rename_Node_1564;rename_Node_1564;1.1145118870607518
Node_158;rename_Node_158;rename_Node_158;rename_Node_158;1.0152466137257865
Node_885;rename_Node_885;rename_Node_885;rename_Node_885;1.0481825827323374
Node_1154;rename_Node_1154;rename_Node_1154;rename_Node_690;1.1574609701795644
Node_1412;rename_Node_1412;rename_Node_1412;rename_Node_1412;1.0584827931306113
Node_1012;rename_Node_1012;rename_Node_1012;rename_Node_2280;1.0042720877959428
Node_2405;rename_Node_2405;rename_Node_2405;rename_Node_710;1.0036205579904536
Node_1149;rename_Node_1149;rename_Node_1149;rename_Node_1149;1.0033817394515738
Node_1209;rename_Node_1209;rename_Node_1209;rename_Node_1209;1.0521344213382477
Node_1173;rename_Node_1173;rename_Node_1173;rename_Node_1173;1.0217220370624822
Node_1660;rename_Node_1660;rename_Node_1660;rename_Node_1536;1.1274257123074787
Node_1025;rename_Node_1025;rename_Node_1025;rename_Node_924;1.1621511700159717
Node_762;rename_Node_762;rename_Node_762;rename_Node_110;1.1438708895282046
Node_2026;rename_Node_2026;rename_Node_2026;rename_Node_355;1.0919618662111203
Node_1155;rename_Node_1155;rename_Node_1155;rename_Node_1155;0.9977088396460864
Node_508;rename_Node_508;rename_Node_508;rename_Node_508;0.934959478244838
Node_1558;rename_Node_1558;rename_Node_1558;rename_Node_1558;0.9245599176569094
Node_2220;rename_Node_2220;rename_Node_2220;rename_Node_1210;1.0300526972416209
Node_1806;rename_Node_1806;rename_Node_1806;rename_Node_1806;0.9671482786407
Node_2391;rename_Node_2391;rename_Node_2391;rename_Node_2391;0.9280721735966169
Node_1622;rename_Node_1622;rename_Node_1622;rename_Node_1284;1.105964211331972
Node_1940;rename_Node_1940;rename_Node_1940;rename_Node_1940;0.9586716530923062
Node_1331;rename_Node_1331;rename_Node_1331;rename_Node_1331;1.0271676408761525
Node_503;rename_Node_503;rename_Node_503;rename_Node_1298;1.0806935885484916
Node_432;rename_Node_432;rename_Node_432;rename_Node_1546;1.0767343278792705
Node_2028;rename_Node_2028;rename_Node_2028;rename_Node_612;1.1589003791067172
Node_279;rename_Node_279;rename_Node_279;rename_Node_279;0.9383114485469037
Node_1896;rename_Node_1896;rename_Node_1896;rename_Node_1896;0.8873630626836219
Node_1413;rename_Node_1413;rename_Node_1413;rename_Node_1413;0.9640787912612007
Node_2034;rename_Node_2034;rename_Node_2034;rename_Node_2034;1.0520680441321526
Node_2384;rename_Node_2384;rename_Node_2384;rename_Node_2384;1.0450987697059915
Node_98;rename_Node_98;rename_Node_98;rename_Node_98;1.0437288824199247
Node_1354;rename_Node_1354;rename_Node_1354;rename_Node_1354;0.9909460038023409
Node_1579;rename_Node_1579;rename_Node_1579;rename_Node_1579;0.9923975621403476
Node_678;rename_Node_678;rename_Node_678;rename_Node_284;1.1147959710779458
Node_1972;rename_Node_1972;rename_Node_1972;rename_Node_1972;1.012046563901614
Node_1098;rename_Node_1098;rename_Node_1098;rename_Node_1098;0.9706636382528251
Node_1709;rename_Node_1709;rename_Node_1709;rename_Node_1709;1.0467564699666776
Node_1784;rename_Node_1784;rename_Node_1784;rename_Node_1784;0.9483633187487553
Node_1597;rename_Node_1597;rename_Node_1597;rename_Node_2081;1.0514649276430421
Node_748;rename_Node_748;rename_Node_748;rename_Node_748;1.060970546451878
Node_1391;rename_Node_1391;rename_Node_1391;rename_Node_325;1.1181722349245902
Node_791;rename_Node_791;rename_Node_791;rename_Node_1889;0.8987998929236694
Node_1103;rename_Node_1103;rename_Node_1103;rename_Node_1103;0.8969790659452813
Node_2232;rename_Node_2232;rename_Node_2232;rename_Node_919;1.115976704993028
Node_2046;rename_Node_2046;rename_Node_2046;rename_Node_414;1.1437539058759834
Node_2161;rename_Node_2161;rename_Node_2161;rename_Node_659;1.0182796016028277
Node_2154;rename_Node_2154;rename_Node_2154;rename_Node_2154;1.0228518343229502
Node_1868;rename_Node_1868;rename_Node_1868;rename_Node_1868;1.0432655468117438
Node_815;rename_Node_815;rename_Node_815;is_connected;1.1540825308719405
Node_1586;rename_Node_1586;rename_Node_1586;rename_Node_701;1.145995844061914
Node_316;rename_Node_316;rename_Node_316;rename_Node_316;1.1101276085451925
Node_698;rename_Node_698;rename_Node_698;rename_Node_2145;1.1167088744586677
Node_1181;rename_Node_1181;rename_Node_1181;rename_Node_1877;1.108986360443289
Node_661;rename_Node_661;rename_Node_661;rename_Node_661;1.0635610270963947
Node_1310;rename_Node_1310;rename_Node_1310;rename_Node_1310;0.9159048710972885
Node_2070;rename_Node_2070;rename_Node_2070;rename_Node_2070;1.1383129937372285
Node_1518;rename_Node_1518;rename_Node_1518;rename_Node_1806;0.8988013045323026
Node_1736;rename_Node_1736;rename_Node_1736;rename_Node_770;1.1537718412855695
Node_2035;rename_Node_2035;rename_Node_2035;rename_Node_2035;0.9163039028371557
Node_410;rename_Node_410;rename_Node_410;rename_Node_1726;1.1008289784644794
Node_1659;rename_Node_1659;rename_Node_1659;rename_Node_1659;1.0258368255459474
Node_1598;rename_Node_1598;rename_Node_1598;rename_Node_1138;1.1806192340429726
Node_1292;rename_Node_1292;rename_Node_1292;rename_Node_1292;1.0592560000540503
Node_71;rename_Node_71;rename_Node_71;rename_Node_1367;1.061582506595532
Node_599;rename_Node_599;rename_Node_599;rename_Node_1618;1.02130694451661
Node_1258;rename_Node_1258;rename_Node_1258;rename_Node_494;1.0679212796201403
Node_1798;rename_Node_1798;rename_Node_1798;rename_Node_1798;0.9533964074965242
Node_1685;rename_Node_1685;rename_Node_1685;rename_Node_1948;1.0952915229210072
Node_2177;rename_Node_2177;rename_Node_2177;rename_Node_2177;1.1389281672138374
Node_2110;rename_Node_2110;rename_Node_2110;rename_Node_2424;1.1788926212196382
Node_585;rename_Node_585;rename_Node_585;rename_Node_585;1.0828466912287296
Node_276;rename_Node_276;rename_Node_276;rename_Node_276;1.031466655416398
Node_2458;rename_Node_2458;rename_Node_2458;rename_Node_1553;1.1455570975886775
Node_920;rename_Node_920;rename_Node_920;rename_Node_920;0.9868807431672101
Node_160;rename_Node_160;rename_Node_160;rename_Node_160;1.0359080963004306
Node_2096;rename_Node_2096;rename_Node_2096;rename_Node_2403;1.1128864635581486
Node_203;rename_Node_203;rename_Node_203;rename_Node_203;1.047946139350591
Node_2078;rename_Node_2078;rename_Node_2078;rename_Node_2078;1.0827480468061204
Node_1605;rename_Node_1605;rename_Node_1605;rename_Node_198;0.986210905630778
Node_58;rename_Node_58;rename_Node_58;rename_Node_58;1.02081942653047
Node_1088;rename_Node_1088;rename_Node_1088;rename_Node_2198;1.0388698142435173
Node_559;rename_Node_559;rename_Node_559;rename_Node_2497;0.9464789322701904
Node_2434;rename_Node_2434;rename_Node_2434;rename_Node_2434;1.0011610099390722
Node_905;rename_Node_905;rename_Node_905;rename_Node_1466;1.0968573881856976
Node_912;rename_Node_912;rename_Node_912;rename_Node_484;1.1148132080201745
Node_1177;rename_Node_1177;rename_Node_1177;rename_Node_1177;0.9389888936095386
Node_2193;rename_Node_2193;rename_Node_2193;rename_Node_883;1.1776616863245128
Node_1029;rename_Node_1029;rename_Node_1029;rename_Node_1029;1.048337850683456
Node_2423;rename_Node_2423;rename_Node_2423;rename_Node_2423;1.04765428653959
Node_782;rename_Node_782;rename_Node_782;rename_Node_782;1.1074784026660465
Node_2479;rename_Node_2479;rename_Node_2479;rename_Node_2479;1.1225484220185908
Node_1949;rename_Node_1949;rename_Node_1949;rename_Node_1949;1.0500429094859134
Node_1775;rename_Node_1775;rename_Node_1775;rename_Node_1775;1.0220237163757282
Node_4;rename_Node_4;rename_Node_4;rename_Node_4;1.100424108400453
Node_587;rename_Node_587;rename_Node_587;rename_Node_1680;1.086980077203707
Node_385;rename_Node_385;rename_Node_385;rename_Node_385;1.0495183127084575
Node_1146;rename_Node_1146;rename_Node_1146;rename_Node_1813;1.0778410877029263
Node_2264;rename_Node_2264;rename_Node_2264;rename_Node_2264;0.9936583031910746
Node_0;rename_Node_0;rename_Node_0;rename_Node_0;1.1082254910471834
Node_2221;rename_Node_2221;rename_Node_2221;rename_Node_345;1.0957648489271599
Node_308;rename_Node_308;rename_Node_308;rename_Node_308;1.185220543299452
Node_1721;rename_Node_1721;rename_Node_1721;rename_Node_478;1.1602509368852632
Node_257;rename_Node_257;rename_Node_257;rename_Node_257;1.0222541445002904
Node_1232;rename_Node_1232;rename_Node_1232;rename_Node_1232;1.0859855715341833
Node_836;rename_Node_836;rename_Node_836;rename_Node_2401;1.1128942539426043
Node_2107;rename_Node_2107;rename_Node_2107;rename_Node_2107;1.116379165862755
Node_630;rename_Node_630;rename_Node_630;rename_Node_428;1.1631068784196457
Node_635;rename_Node_635;rename_Node_635;rename_Node_635;1.1950422045121991
Node_1463;rename_Node_1463;rename_Node_1463;rename_Node_1541;1.1459633816047672
Node_2348;rename_Node_2348;rename_Node_2348;rename_Node_152;1.1521178951779203
Node_1500;rename_Node_1500;rename_Node_1500;rename_Node_2251;1.070936648965615
Node_548;rename_Node_548;rename_Node_548;rename_Node_548;1.0575182588402616
Node_1026;rename_Node_1026;rename_Node_1026;rename_Node_1026;1.0060588581462775
Node_342;rename_Node_342;rename_Node_342;rename_Node_342;0.9835911074144651
Node_2396;rename_Node_2396;rename_Node_2396;rename_Node_2396;1.007813180798272
Node_182;rename_Node_182;rename_Node_182;rename_Node_182;1.1078346449531786
Node_803;rename_Node_803;rename_Node_803;rename_Node_803;1.064315222315959
Node_785;rename_Node_785;rename_Node_785;rename_Node_338;1.0485772454458135
Node_1533;rename_Node_1533;rename_Node_1533;rename_Node_1533;1.0829428753174128
Node_1790;rename_Node_1790;rename_Node_1790;rename_Node_1790;1.0941484739344314
Node_46;rename_Node_46;rename_Node_46;rename_Node_576;1.1873095976987849
Node_269;rename_Node_269;rename_Node_269;rename_Node_1881;1.0495423756900029
Node_2460;rename_Node_2460;rename_Node_2460;rename_Node_2460;0.9941695818170061
Node_39;rename_Node_39;rename_Node_39;rename_Node_39;1.0451071537640721
Node_802;rename_Node_802;rename_Node_802;rename_Node_802;0.8823881173487863
Node_14;rename_Node_14;rename_Node_14;rename_Node_645;1.1119481913902851
Node_309;rename_Node_309;rename_Node_309;rename_Node_309;1.0458726007125259
Node_1657;rename_Node_1657;rename_Node_1657;rename_Node_1657;1.142689713062535
Node_1369;rename_Node_1369;rename_Node_1369;rename_Node_1369;1.0564800522667868
Node_1075;rename_Node_1075;rename_Node_1075;rename_Node_1075;1.0710439004879166
Node_391;rename_Node_391;rename_Node_391;rename_Node_391;0.8874331289372924
Node_468;rename_Node_468;rename_Node_468;rename_Node_1790;1.183897819865194
Node_950;rename_Node_950;rename_Node_950;rename_Node_981;1.0817621584358554
Node_475;rename_Node_475;rename_Node_475;rename_Node_2240;1.0883968993438915
Node_2416;rename_Node_2416;rename_Node_2416;rename_Node_1371;1.1944845659385712
Node_657;rename_Node_657;rename_Node_657;rename_Node_657;1.1008776573609202
Node_2211;rename_Node_2211;rename_Node_2211;rename_Node_2211;1.0284941178742002
Node_2106;rename_Node_2106;rename_Node_2106;rename_Node_2106;0.9561453967924589
Node_72;rename_Node_72;rename_Node_72;rename_Node_546;1.1702584298493208
Node_1114;rename_Node_1114;rename_Node_1114;rename_Node_361;1.1254405259779314
Node_586;rename_Node_586;rename_Node_586;rename_Node_586;1.0304457073617217
Node_722;rename_Node_722;rename_Node_722;rename_Node_1765;1.0789736116448985
Node_2218;rename_Node_2218;rename_Node_2218;rename_Node_2218;1.0362461267879235
Node_443;rename_Node_443;rename_Node_443;rename_Node_443;1.0436136932595872
Node_69;rename_Node_69;rename_Node_69;rename_Node_69;0.9947058699679354
Node_1455;rename_Node_1455;rename_Node_1455;rename_Node_1455;1.0387996922750247
Node_134;rename_Node_134;rename_Node_134;rename_Node_2047;1.1472596261686612
Node_47;rename_Node_47;rename_Node_47;rename_Node_564;1.1567552600909166
Node_2248;rename_Node_2248;rename_Node_2248;rename_Node_2248;1.1483491725423915
Node_1049;rename_Node_1049;rename_Node_1049;rename_Node_2271;0.9742997088833638
Node_2455;rename_Node_2455;rename_Node_2455;rename_Node_2455;1.184702824633061
Node_1470;rename_Node_1470;rename_Node_1470;rename_Node_1470;1.0434281185877756
Node_2200;rename_Node_2200;rename_Node_2200;rename_Node_1025;1.0850941630899902
Node_131;rename_Node_131;rename_Node_131;rename_Node_131;1.123825494453622
Node_902;rename_Node_902;rename_Node_902;rename_Node_72;1.1565170324908436
Node_455;rename_Node_455;rename_Node_455;rename_Node_455;0.8255799466770077
Node_904;rename_Node_904;rename_Node_904;rename_Node_904;0.9981098285685256
Node_1661;rename_Node_1661;rename_Node_1661;rename_Node_1661;0.9472018019575934
Node_306;rename_Node_306;rename_Node_306;rename_Node_1298;0.9799096991256365
Node_2237;rename_Node_2237;rename_Node_2237;rename_Node_226;1.1054519083376184
Node_1399;rename_Node_1399;rename_Node_1399;rename_Node_1399;0.9865208094487826
Node_2313;rename_Node_2313;rename_Node_2313;rename_Node_200;1.0667745911251414
Node_720;rename_Node_720;rename_Node_720;rename_Node_720;1.059949044178706
Node_1491;rename_Node_1491;rename_Node_1491;rename_Node_2047;1.0985772889285552
Node_2000;rename_Node_2000;rename_Node_2000;rename_Node_906;1.1099559703117936
Node_2112;rename_Node_2112;rename_Node_2112;rename_Node_113;1.1547575999842996
Node_1772;rename_Node_1772;rename_Node_1772;rename_Node_1772;1.0237613306405813
Node_624;rename_Node_624;rename_Node_624;rename_Node_624;1.0845888521920677
Node_670;rename_Node_670;rename_Node_670;rename_Node_2304;1.0722506362152493
Node_2043;rename_Node_2043;rename_Node_2043;rename_Node_2043;1.0081616871751202
Node_1913;rename_Node_1913;rename_Node_1913;rename_Node_1913;1.0050510038145022
Node_2060;rename_Node_2060;rename_Node_2060;rename_Node_2060;1.0414990591426263
Node_954;rename_Node_954;rename_Node_954;rename_Node_954;0.8765120469033505
Node_853;rename_Node_853;rename_Node_853;rename_Node_853;1.1265186407123688
Node_1303;rename_Node_1303;rename_Node_1303;rename_Node_1303;1.0433399388718623
Node_1921;rename_Node_1921;rename_Node_1921;rename_Node_1921;1.0821034912521077
Node_1448;rename_Node_1448;rename_Node_1448;rename_Node_1448;0.9491545289805395
Node_2345;rename_Node_2345;rename_Node_2345;rename_Node_2085;1.1545051832116946
Node_2363;rename_Node_2363;rename_Node_2363;rename_Node_2363;1.0314109383642627
Node_45;rename_Node_45;rename_Node_45;rename_Node_45;0.9869681179469769
Node_204;rename_Node_204;rename_Node_204;rename_Node_2038;1.1261534589196356
Node_1542;rename_Node_1542;rename_Node_1542;rename_Node_1542;1.0201073414149413
Node_425;rename_Node_425;rename_Node_425;rename_Node_889;1.1262762364403445
Node_2382;rename_Node_2382;rename_Node_2382;rename_Node_2382;1.0727059449979763
Node_1906;rename_Node_1906;rename_Node_1906;rename_Node_1906;1.0102869778691945
Node_2259;rename_Node_2259;rename_Node_2259;rename_Node_1764;1.107563646536694
Node_1948;rename_Node_1948;rename_Node_1948;rename_Node_1948;0.9493395045110223
Node_2463;rename_Node_2463;rename_Node_2463;rename_Node_1534;1.1487812713047845
Node_431;rename_Node_431;rename_Node_431;rename_Node_431;0.8849412197585524
Node_1065;rename_Node_1065;rename_Node_1065;rename_Node_2023;1.0934994556665434
Node_321;rename_Node_321;rename_Node_321;rename_Node_1766;1.0457205456430672
Node_2210;rename_Node_2210;rename_Node_2210;rename_Node_2210;0.9496734727987417
Node_1763;rename_Node_1763;rename_Node_1763;rename_Node_1839;1.1277514898783632
Node_549;rename_Node_549;rename_Node_549;rename_Node_35;1.0807871176912407
Node_961;rename_Node_961;rename_Node_961;rename_Node_961;1.1474919428602055
Node_545;rename_Node_545;rename_Node_545;rename_Node_40;1.1694897381740461
Node_343;rename_Node_343;rename_Node_343;rename_Node_1245;1.149654397179078
Node_674;rename_Node_674;rename_Node_674;rename_Node_674;0.9426149199303753
Node_2346;rename_Node_2346;rename_Node_2346;rename_Node_1494;1.1424147531756428
Node_518;rename_Node_518;rename_Node_518;rename_Node_518;0.8979702584726488
Node_2086;rename_Node_2086;rename_Node_2086;rename_Node_2350;1.199035139608111
Node_1522;rename_Node_1522;rename_Node_1522;rename_Node_1880;1.1629660961929336
Node_838;rename_Node_838;rename_Node_838;rename_Node_633;1.1124043626672109
Node_1207;rename_Node_1207;rename_Node_1207;rename_Node_610;1.0974991449723477
Node_1062;rename_Node_1062;rename_Node_1062;rename_Node_485;1.22008981401581
Node_906;rename_Node_906;rename_Node_906;rename_Node_1728;1.0914541326201348
Node_449;rename_Node_449;rename_Node_449;rename_Node_449;1.0585658033086918
Node_825;rename_Node_825;rename_Node_825;rename_Node_825;1.1653817934038586
Node_1387;rename_Node_1387;rename_Node_1387;rename_Node_2319;1.1087841379114824
Node_345;rename_Node_345;rename_Node_345;rename_Node_2493;1.1084607263216026
Node_1900;rename_Node_1900;rename_Node_1900;rename_Node_799;1.1037569292127642
Node_1824;rename_Node_1824;rename_Node_1824;rename_Node_1251;1.1116839468892499
Node_170;rename_Node_170;rename_Node_170;rename_Node_170;1.1064407624918797
Node_2152;rename_Node_2152;rename_Node_2152;rename_Node_2152;1.0840805954999797
Node_725;rename_Node_725;rename_Node_725;rename_Node_1588;1.2026200158027551
Node_1511;rename_Node_1511;rename_Node_1511;rename_Node_1511;1.0967775837318312
Node_2356;rename_Node_2356;rename_Node_2356;rename_Node_2329;1.1366008316950873
Node_341;rename_Node_341;rename_Node_341;rename_Node_341;1.1629763596902598
Node_517;rename_Node_517;rename_Node_517;rename_Node_517;1.030045286248839
Node_695;rename_Node_695;rename_Node_695;rename_Node_690;1.1319711935864527
Node_405;rename_Node_405;rename_Node_405;rename_Node_330;1.1668604269133924
Node_24;rename_Node_24;rename_Node_24;rename_Node_1477;1.068835163520927
Node_1317;rename_Node_1317;rename_Node_1317;rename_Node_198;1.0565352401666064
Node_1797;rename_Node_1797;rename_Node_1797;rename_Node_1797;1.041788189015637
Node_1841;rename_Node_1841;rename_Node_1841;rename_Node_1841;1.0435398321068508
Node_911;rename_Node_911;rename_Node_911;rename_Node_1290;1.171878264193735
Node_2327;rename_Node_2327;rename_Node_2327;rename_Node_68;1.1166009759552067
Node_81;rename_Node_81;rename_Node_81;rename_Node_81;0.9088584163560217
Node_1833;rename_Node_1833;rename_Node_1833;rename_Node_1431;1.0163762358310462
Node_821;rename_Node_821;rename_Node_821;rename_Node_821;1.0851593185172135
Node_1048;rename_Node_1048;rename_Node_1048;rename_Node_1048;1.0965809165030147
Node_1637;rename_Node_1637;rename_Node_1637;rename_Node_1058;1.1481303488625731
Node_222;rename_Node_222;rename_Node_222;rename_Node_2404;1.0664989384389798
Node_1440;rename_Node_1440;rename_Node_1440;rename_Node_886;1.1019375236083937
Node_1739;rename_Node_1739;rename_Node_1739;rename_Node_1739;1.0238490184483577
Node_2066;rename_Node_2066;rename_Node_2066;rename_Node_2066;0.9679922396218943
Node_1342;rename_Node_1342;rename_Node_1342;rename_Node_1342;1.0163303903604977
Node_51;rename_Node_51;rename_Node_51;rename_Node_2422;1.1504565408299317
Node_2273;rename_Node_2273;rename_Node_2273;rename_Node_1656;1.0911312241820261
Node_2077;rename_Node_2077;rename_Node_2077;rename_Node_2309;1.117367348217872
Node_2272;rename_Node_2272;rename_Node_2272;rename_Node_848;1.116629409706882
Node_2375;rename_Node_2375;rename_Node_2375;rename_Node_839;1.1447553221042315
Node_2025;rename_Node_2025;rename_Node_2025;rename_Node_2025;1.1106265439330136
Node_1339;rename_Node_1339;rename_Node_1339;rename_Node_1339;0.9951770360703428
Node_2354;rename_Node_2354;rename_Node_2354;rename_Node_1784;1.121482205105949
Node_2302;rename_Node_2302;rename_Node_2302;rename_Node_2302;1.0902007093484218
Node_776;rename_Node_776;rename_Node_776;rename_Node_776;0.9579435954029503
Node_2104;rename_Node_2104;rename_Node_2104;rename_Node_605;1.1049173869279014
Node_659;rename_Node_659;rename_Node_659;rename_Node_659;1.0825103472341113
Node_387;rename_Node_387;rename_Node_387;rename_Node_387;0.9980105477143328
Node_358;rename_Node_358;rename_Node_358;rename_Node_2353;1.1521391706124928
Node_1174;rename_Node_1174;rename_Node_1174;rename_Node_1174;0.8764949827940899
Node_470;rename_Node_470;rename_Node_470;rename_Node_470;1.0084116794408853
Node_1340;rename_Node_1340;rename_Node_1340;rename_Node_305;1.0608902235872495
Node_2304;rename_Node_2304;rename_Node_2304;rename_Node_2304;1.0171896549577322
Node_2196;rename_Node_2196;rename_Node_2196;rename_Node_192;1.155954971663524
Node_1215;rename_Node_1215;rename_Node_1215;rename_Node_1860;1.158742511159209
Node_653;rename_Node_653;rename_Node_653;rename_Node_653;0.9981343562151344
Node_1144;rename_Node_1144;rename_Node_1144;rename_Node_492;1.1368768151772657
Node_1032;rename_Node_1032;rename_Node_1032;rename_Node_1032;1.0992327272365503
Node_1796;rename_Node_1796;rename_Node_1796;rename_Node_1882;1.1389167238865172
Node_1787;rename_Node_1787;rename_Node_1787;rename_Node_1787;1.079981935098212
Node_2418;rename_Node_2418;rename_Node_2418;rename_Node_2223;1.0815658235709773
Node_239;rename_Node_239;rename_Node_239;rename_Node_905;1.1818731127586115
Node_926;rename_Node_926;rename_Node_926;rename_Node_1575;1.185497290561535
Node_433;rename_Node_433;rename_Node_433;rename_Node_433;1.0548247285641916
Node_1443;rename_Node_1443;rename_Node_1443;rename_Node_1443;1.0985622561999506
Node_1384;rename_Node_1384;rename_Node_1384;rename_Node_1315;1.163552607961445
Node_1070;rename_Node_1070;rename_Node_1070;rename_Node_1070;0.897945212658853
Node_2475;rename_Node_2475;rename_Node_2475;rename_Node_2475;1.1073500630525603
Node_1780;rename_Node_1780;rename_Node_1780;rename_Node_1780;1.0415420945665252
Node_1672;rename_Node_1672;rename_Node_1672;rename_Node_1672;0.9915053635106236
Node_2176;rename_Node_2176;rename_Node_2176;rename_Node_80;1.1225565562945352
Node_25;rename_Node_25;rename_Node_25;rename_Node_25;1.080332027100233
Node_1055;rename_Node_1055;rename_Node_1055;rename_Node_968;1.0889154566694776
Node_412;rename_Node_412;rename_Node_412;rename_Node_412;0.9867315506267461
Node_830;rename_Node_830;rename_Node_830;rename_Node_830;1.0108095680031695
Node_998;rename_Node_998;rename_Node_998;rename_Node_2462;1.1600943668695405
Node_373;rename_Node_373;rename_Node_373;rename_Node_373;1.0017017247783262
Node_370;rename_Node_370;rename_Node_370;rename_Node_1050;1.1458634519199846
Node_944;rename_Node_944;rename_Node_944;rename_Node_1151;1.0321348338531053
Node_1652;rename_Node_1652;rename_Node_1652;rename_Node_1652;1.155967263509689
Node_441;rename_Node_441;rename_Node_441;rename_Node_441;1.1232150464373023
Node_1782;rename_Node_1782;rename_Node_1782;rename_Node_580;1.1913073187228451
Node_259;rename_Node_259;rename_Node_259;rename_Node_259;0.8867935783735773
Node_85;rename_Node_85;rename_Node_85;rename_Node_500;1.0838907883681268
Node_1126;rename_Node_1126;rename_Node_1126;rename_Node_1126;1.1478560753410032
Node_1856;rename_Node_1856;rename_Node_1856;rename_Node_1856;0.9750087831167804
Node_1600;rename_Node_1600;rename_Node_1600;rename_Node_1585;1.0455581959940123
Node_419;rename_Node_419;rename_Node_419;rename_Node_791;1.0950937911171397
Node_1184;rename_Node_1184;rename_Node_1184;rename_Node_1184;1.1294780850500206
Node_818;rename_Node_818;rename_Node_818;rename_Node_818;1.1491963431535404
Node_1821;rename_Node_1821;rename_Node_1821;rename_Node_1412;1.1441985910266907
Node_1072;rename_Node_1072;rename_Node_1072;rename_Node_1072;0.8974836574499137
Node_2454;rename_Node_2454;rename_Node_2454;rename_Node_2454;0.9916506538693232
Node_1318;rename_Node_1318;rename_Node_1318;rename_Node_1318;0.9201150035409134
Node_1414;rename_Node_1414;rename_Node_1414;rename_Node_2162;1.160210447981759
Node_1585;rename_Node_1585;rename_Node_1585;rename_Node_2358;1.051236822355916
Node_900;rename_Node_900;rename_Node_900;rename_Node_2069;1.1564762857218704
Node_195;rename_Node_195;rename_Node_195;rename_Node_1365;1.117362374250546
Node_730;rename_Node_730;rename_Node_730;rename_Node_27;1.1595964604650082
Node_1742;rename_Node_1742;rename_Node_1742;rename_Node_1742;1.0450700049353703
Node_1879;rename_Node_1879;rename_Node_1879;rename_Node_1706;1.0680471837305252
Node_1179;rename_Node_1179;rename_Node_1179;rename_Node_2208;1.079309676407512
Node_1980;rename_Node_1980;rename_Node_1980;rename_Node_572;1.1273855240085942
Node_2100;rename_Node_2100;rename_Node_2100;rename_Node_2100;1.035298663088018
Node_739;rename_Node_739;rename_Node_739;rename_Node_1890;1.1789150952805123
Node_2258;rename_Node_2258;rename_Node_2258;rename_Node_2258;1.0721887025142653
Node_1523;rename_Node_1523;rename_Node_1523;rename_Node_882;1.0656276669782279
Node_693;rename_Node_693;rename_Node_693;rename_Node_777;1.112802641258221
Node_647;rename_Node_647;rename_Node_647;rename_Node_282;1.061795496610895
Node_1351;rename_Node_1351;rename_Node_1351;rename_Node_594;1.1495126565736502
Node_610;rename_Node_610;rename_Node_610;rename_Node_610;0.8672573476362194
Node_852;rename_Node_852;rename_Node_852;rename_Node_867;1.0089029112648744
Node_1365;rename_Node_1365;rename_Node_1365;rename_Node_1365;1.0653805809144057
Node_606;rename_Node_606;rename_Node_606;rename_Node_606;1.0337699291024185
Node_2489;rename_Node_2489;rename_Node_2489;rename_Node_755;1.078033644650142
Node_734;rename_Node_734;rename_Node_734;rename_Node_2278;1.1347285243260374
Node_1081;rename_Node_1081;rename_Node_1081;rename_Node_1081;1.108311386124394
Node_393;rename_Node_393;rename_Node_393;rename_Node_393;0.9413426740728675
Node_356;rename_Node_356;rename_Node_356;rename_Node_356;1.0264133476944777
Node_1219;rename_Node_1219;rename_Node_1219;rename_Node_2288;1.0881458663909482
Node_1725;rename_Node_1725;rename_Node_1725;rename_Node_455;1.2219012129782703
Node_1096;rename_Node_1096;rename_Node_1096;rename_Node_1096;0.992156577225319
Node_413;rename_Node_413;rename_Node_413;rename_Node_413;0.9860598346623171
Node_1001;rename_Node_1001;rename_Node_1001;rename_Node_2483;1.1147633375797723
Node_92;rename_Node_92;rename_Node_92;rename_Node_1795;1.104785298068177
Node_1743;rename_Node_1743;rename_Node_1743;rename_Node_1399;1.1297447985798512
Node_2459;rename_Node_2459;rename_Node_2459;rename_Node_1331;1.141076545101279
Node_1664;rename_Node_1664;rename_Node_1664;rename_Node_1664;1.127665422127934
Node_1889;rename_Node_1889;rename_Node_1889;rename_Node_1889;0.9521402756182523
Node_2392;rename_Node_2392;rename_Node_2392;rename_Node_1964;1.1417973968988453
Node_507;rename_Node_507;rename_Node_507;rename_Node_2153;1.0626550798003431
Node_2048;rename_Node_2048;rename_Node_2048;rename_Node_2048;1.0534371661133703
Node_1519;rename_Node_1519;rename_Node_1519;rename_Node_1519;1.1363412855377213
Node_188;rename_Node_188;rename_Node_188;rename_Node_188;0.9928233159046551
Node_662;rename_Node_662;rename_Node_662;rename_Node_659;1.1571366741267841
Node_1716;rename_Node_1716;rename_Node_1716;rename_Node_2017;1.1037374858315572
Node_522;rename_Node_522;rename_Node_522;rename_Node_522;1.052772228317148
Node_38;rename_Node_38;rename_Node_38;rename_Node_38;1.0025089195164387
Node_1951;rename_Node_1951;rename_Node_1951;rename_Node_1974;0.9256571621779494
Node_1811;rename_Node_1811;rename_Node_1811;rename_Node_1811;1.0240477159940573
Node_2271;rename_Node_2271;rename_Node_2271;rename_Node_2271;0.9690384502161516
Node_655;rename_Node_655;rename_Node_655;rename_Node_655;0.837909400383593
Node_2321;rename_Node_2321;rename_Node_2321;rename_Node_2321;1.1609955835129446
Node_2374;rename_Node_2374;rename_Node_2374;rename_Node_2374;1.005726443651901
Node_686;rename_Node_686;rename_Node_686;rename_Node_686;0.968364642435083
Node_1003;rename_Node_1003;rename_Node_1003;rename_Node_1003;1.0885919470690169
Node_747;rename_Node_747;rename_Node_747;rename_Node_1716;1.1759776074800876
Node_1120;rename_Node_1120;rename_Node_1120;rename_Node_1120;1.1696017480898304
Node_1959;rename_Node_1959;rename_Node_1959;rename_Node_632;1.1575466003020929
Node_2411;rename_Node_2411;rename_Node_2411;rename_Node_2411;1.0493307982407694
Node_2059;rename_Node_2059;rename_Node_2059;rename_Node_2059;1.0601985055749619
Node_41;rename_Node_41;rename_Node_41;rename_Node_41;1.1324984231544126
Node_89;rename_Node_89;rename_Node_89;rename_Node_89;1.004803391118623
Node_200;rename_Node_200;rename_Node_200;rename_Node_2487;1.0708233882164622
Node_1861;rename_Node_1861;rename_Node_1861;rename_Node_1861;0.8848928594966805
Node_2497;rename_Node_2497;rename_Node_2497;rename_Node_2497;0.9509735611724571
Node_1870;rename_Node_1870;rename_Node_1870;rename_Node_576;1.1476132502079952
Node_1858;rename_Node_1858;rename_Node_1858;rename_Node_461;1.0603585167099439
Node_601;rename_Node_601;rename_Node_601;rename_Node_601;0.8887406980534136
Node_1338;rename_Node_1338;rename_Node_1338;rename_Node_1338;0.9828620863015406
Node_2039;rename_Node_2039;rename_Node_2039;rename_Node_976;1.0367175162182323
Node_1857;rename_Node_1857;rename_Node_1857;rename_Node_1857;1.0278420104557051
Node_363;rename_Node_363;rename_Node_363;rename_Node_363;1.0961129976728061
Node_1733;rename_Node_1733;rename_Node_1733;rename_Node_1733;0.941307696510562
Node_2325;rename_Node_2325;rename_Node_2325;rename_Node_2325;0.9613520399744668
Node_495;rename_Node_495;rename_Node_495;rename_Node_1584;1.1535838572654997
Node_1697;rename_Node_1697;rename_Node_1697;rename_Node_30;1.1361942170383141
Node_1548;rename_Node_1548;rename_Node_1548;rename_Node_1548;1.0791258001098774
Node_751;rename_Node_751;rename_Node_751;rename_Node_9;1.2012539888413247
Node_1158;rename_Node_1158;rename_Node_1158;rename_Node_1158;1.0993088967456348
Node_555;rename_Node_555;rename_Node_555;rename_Node_2411;1.1205104280651728
Node_298;rename_Node_298;rename_Node_298;rename_Node_1203;1.0177094143552579
Node_939;rename_Node_939;rename_Node_939;rename_Node_939;0.9802948357759561
Node_2255;rename_Node_2255;rename_Node_2255;rename_Node_2255;0.9956619307256692
Node_2297;rename_Node_2297;rename_Node_2297;rename_Node_2297;0.9761050550933991
Node_1927;rename_Node_1927;rename_Node_1927;rename_Node_1792;1.109644029151339
Node_1432;rename_Node_1432;rename_Node_1432;rename_Node_2110;1.199340951293635
Node_2235;rename_Node_2235;rename_Node_2235;rename_Node_2376;1.2093310801381887
Node_2080;rename_Node_2080;rename_Node_2080;rename_Node_880;1.082073274834549
Node_2464;rename_Node_2464;rename_Node_2464;rename_Node_987;1.1693809646021434
Node_1260;rename_Node_1260;rename_Node_1260;rename_Node_1973;1.1117606317392692
Node_646;rename_Node_646;rename_Node_646;rename_Node_928;1.1818611559837269
Node_992;rename_Node_992;rename_Node_992;rename_Node_18;1.0580962145432151
Node_1540;rename_Node_1540;rename_Node_1540;rename_Node_1540;1.0819737090336472
Node_960;rename_Node_960;rename_Node_960;rename_Node_960;1.0359587495199902
Node_1063;rename_Node_1063;rename_Node_1063;rename_Node_1063;0.8780276291058875
Node_258;rename_Node_258;rename_Node_258;rename_Node_1799;1.1707921359595108
Node_2486;rename_Node_2486;rename_Node_2486;rename_Node_1747;1.1434990396790836
Node_849;rename_Node_849;rename_Node_849;rename_Node_849;1.056719098396908
Node_1880;rename_Node_1880;rename_Node_1880;rename_Node_1800;1.127191556443495
Node_23;rename_Node_23;rename_Node_23;rename_Node_2027;1.1399577777827212
Node_1666;rename_Node_1666;rename_Node_1666;rename_Node_1666;0.9661222908980417
Node_243;rename_Node_243;rename_Node_243;rename_Node_560;1.118736691224204
Node_2293;rename_Node_2293;rename_Node_2293;rename_Node_312;0.9962096589266858
Node_1451;rename_Node_1451;rename_Node_1451;rename_Node_1451;1.0882036900903378
Node_1325;rename_Node_1325;rename_Node_1325;rename_Node_1325;1.151196906158086
Node_1390;rename_Node_1390;rename_Node_1390;rename_Node_1390;1.082717165169339
Node_1684;rename_Node_1684;rename_Node_1684;rename_Node_1394;1.1104581809488165
Node_2037;rename_Node_2037;rename_Node_2037;rename_Node_910;1.1359099828056045
Node_1371;rename_Node_1371;rename_Node_1371;rename_Node_1371;1.0474121386995499
Node_679;rename_Node_679;rename_Node_679;rename_Node_679;1.125394492729932
Node_464;rename_Node_464;rename_Node_464;rename_Node_153;1.1168822774557545
Node_972;rename_Node_972;rename_Node_972;rename_Node_972;1.0709065455002105
Node_1976;rename_Node_1976;rename_Node_1976;rename_Node_1976;1.0838522761827998
Node_1508;rename_Node_1508;rename_Node_1508;rename_Node_1508;1.0880073885707922
Node_1136;rename_Node_1136;rename_Node_1136;rename_Node_1136;1.0718581121977726
Node_532;rename_Node_532;rename_Node_532;rename_Node_1334;1.1308149663158371
Node_1108;rename_Node_1108;rename_Node_1108;rename_Node_1673;1.1350597153400261
Node_684;rename_Node_684;rename_Node_684;rename_Node_296;1.141049848501794
Node_1634;rename_Node_1634;rename_Node_1634;rename_Node_159;1.1036442928254853
Node_561;rename_Node_561;rename_Node_561;rename_Node_561;0.8880636666048232
Node_231;rename_Node_231;rename_Node_231;rename_Node_1722;1.1232242784700495
Node_763;rename_Node_763;rename_Node_763;rename_Node_2271;1.1003756000713696
Node_1662;rename_Node_1662;rename_Node_1662;rename_Node_1662;1.0475739945753229
Node_2022;rename_Node_2022;rename_Node_2022;rename_Node_2022;0.8971951300573773
Node_1423;rename_Node_1423;rename_Node_1423;rename_Node_197;1.174534807431887
Node_1828;rename_Node_1828;rename_Node_1828;rename_Node_1828;1.0267602285387025
Node_510;rename_Node_510;rename_Node_510;rename_Node_510;1.0340948418262523
Node_364;rename_Node_364;rename_Node_364;rename_Node_1460;1.065996647033992
Node_2471;rename_Node_2471;rename_Node_2471;rename_Node_2471;0.9886739292137933
Node_1527;rename_Node_1527;rename_Node_1527;rename_Node_1527;1.0561376626315149
Node_723;rename_Node_723;rename_Node_723;rename_Node_1114;1.153675636771611
Node_168;rename_Node_168;rename_Node_168;rename_Node_168;0.9446375443320667
Node_1669;rename_Node_1669;rename_Node_1669;rename_Node_1669;1.0126948238577331
Node_1967;rename_Node_1967;rename_Node_1967;rename_Node_733;1.163387949253319
Node_2252;rename_Node_2252;rename_Node_2252;rename_Node_2252;0.9043351440934108
Node_2439;rename_Node_2439;rename_Node_2439;rename_Node_2439;0.9401149407240984
Node_1324;rename_Node_1324;rename_Node_1324;rename_Node_1324;0.9985327097478931
Node_1302;rename_Node_1302;rename_Node_1302;rename_Node_1302;1.09158621995966
Node_35;rename_Node_35;rename_Node_35;rename_Node_35;0.8812479658082004
Node_1143;rename_Node_1143;rename_Node_1143;rename_Node_1143;1.0189512229529514
Node_1965;rename_Node_1965;rename_Node_1965;rename_Node_1965;1.0407075099709373
Node_1237;rename_Node_1237;rename_Node_1237;rename_Node_1237;1.0437530089584757
Node_1433;rename_Node_1433;rename_Node_1433;rename_Node_765;1.117062599218504
Node_1612;rename_Node_1612;rename_Node_1612;rename_Node_908;1.0679054864002933
Node_683;rename_Node_683;rename_Node_683;rename_Node_683;0.9849470144750057
Node_995;rename_Node_995;rename_Node_995;rename_Node_943;1.1611179758239665
Node_245;rename_Node_245;rename_Node_245;rename_Node_245;1.0319952533926757
Node_1925;rename_Node_1925;rename_Node_1925;rename_Node_1925;0.9676467970164551
Node_366;rename_Node_366;rename_Node_366;rename_Node_366;1.1142135833326967
Node_1493;rename_Node_1493;rename_Node_1493;rename_Node_1493;1.1494274916549612
Node_660;rename_Node_660;rename_Node_660;rename_Node_660;1.0983884537675106
Node_435;rename_Node_435;rename_Node_435;rename_Node_435;1.0885876024195837
Node_103;rename_Node_103;rename_Node_103;rename_Node_1009;1.1133018473488066
Node_497;rename_Node_497;rename_Node_497;rename_Node_497;1.0666742524566752
Node_629;rename_Node_629;rename_Node_629;rename_Node_629;1.0565583356037032
Node_1119;rename_Node_1119;rename_Node_1119;rename_Node_1119;0.9975348353062002
Node_1079;rename_Node_1079;rename_Node_1079;rename_Node_2105;1.0415854079740505
Node_330;rename_Node_330;rename_Node_330;rename_Node_1035;1.13406619612404
Node_154;rename_Node_154;rename_Node_154;rename_Node_154;1.019007607434404
Node_1389;rename_Node_1389;rename_Node_1389;rename_Node_1389;0.9790938949095902
Node_1587;rename_Node_1587;rename_Node_1587;rename_Node_1587;0.9394161111995603
Node_2352;rename_Node_2352;rename_Node_2352;rename_Node_697;1.1258733261696405
Node_764;rename_Node_764;rename_Node_764;rename_Node_764;1.0232557278760186
Node_869;rename_Node_869;rename_Node_869;rename_Node_869;0.9998682994936922
Node_805;rename_Node_805;rename_Node_805;rename_Node_805;1.02976368398139
Node_993;rename_Node_993;rename_Node_993;rename_Node_500;1.1033945121440776
Node_164;rename_Node_164;rename_Node_164;rename_Node_164;0.9913922856577287
Node_892;rename_Node_892;rename_Node_892;rename_Node_892;0.8736307758689532
Node_1658;rename_Node_1658;rename_Node_1658;rename_Node_1658;0.9781021276838092
Node_493;rename_Node_493;rename_Node_493;rename_Node_493;1.1791048851306347
Node_899;rename_Node_899;rename_Node_899;rename_Node_899;1.1256437872795944
Node_1529;rename_Node_1529;rename_Node_1529;rename_Node_899;1.123888934080879
Node_422;rename_Node_422;rename_Node_422;rename_Node_544;1.1850723816502788
Node_1799;rename_Node_1799;rename_Node_1799;rename_Node_608;1.0957701418411965
Node_843;rename_Node_843;rename_Node_843;rename_Node_1896;1.0689966282225007
Node_2065;rename_Node_2065;rename_Node_2065;rename_Node_2265;1.1454378674452224
Node_2276;rename_Node_2276;rename_Node_2276;rename_Node_2276;1.0314194127372698
Node_611;rename_Node_611;rename_Node_611;rename_Node_48;1.1870665843159411
Node_1348;rename_Node_1348;rename_Node_1348;rename_Node_381;1.2067220096517914
Node_727;rename_Node_727;rename_Node_727;rename_Node_992;1.1152035847613166
Node_1286;rename_Node_1286;rename_Node_1286;rename_Node_1286;1.119686235320914
Node_1091;rename_Node_1091;rename_Node_1091;rename_Node_1091;1.1127897944983098
Node_1854;rename_Node_1854;rename_Node_1854;rename_Node_1854;1.0716785623884497
Node_1452;rename_Node_1452;rename_Node_1452;rename_Node_2228;1.1423938938878782
Node_1159;rename_Node_1159;rename_Node_1159;rename_Node_1159;0.9474881500093765
Node_986;rename_Node_986;rename_Node_986;rename_Node_986;0.9804338692166799
Node_1157;rename_Node_1157;rename_Node_1157;rename_Node_1017;1.1030991309520841
Node_1603;rename_Node_1603;rename_Node_1603;rename_Node_1066;1.1279944426371233
Node_438;rename_Node_438;rename_Node_438;rename_Node_438;1.0330559471081524
Node_1568;rename_Node_1568;rename_Node_1568;rename_Node_440;1.143819142449444
Node_32;rename_Node_32;rename_Node_32;rename_Node_32;1.099121969020989
Node_1596;rename_Node_1596;rename_Node_1596;rename_Node_1596;1.0204488965007972
Node_1737;rename_Node_1737;rename_Node_1737;rename_Node_1737;1.1579628499691943
Node_2226;rename_Node_2226;rename_Node_2226;rename_Node_2226;1.033203487004999
Node_2109;rename_Node_2109;rename_Node_2109;rename_Node_2109;1.0273832952150503
Node_1141;rename_Node_1141;rename_Node_1141;rename_Node_1141;1.0680781179105432
Node_2493;rename_Node_2493;rename_Node_2493;rename_Node_2493;1.0728310341411518
Node_1749;rename_Node_1749;rename_Node_1749;rename_Node_884;1.1050858460322406
Node_1105;rename_Node_1105;rename_Node_1105;rename_Node_1105;1.0659783964715739
Node_1706;rename_Node_1706;rename_Node_1706;rename_Node_1706;1.1227822751900713
Node_976;rename_Node_976;rename_Node_976;rename_Node_976;0.9484615603353697
Node_2491;rename_Node_2491;rename_Node_2491;rename_Node_2491;1.0033212449345135
Node_726;rename_Node_726;rename_Node_726;rename_Node_1613;1.1132172311656505
Node_1018;rename_Node_1018;rename_Node_1018;rename_Node_1;1.105259028706645
Node_523;rename_Node_523;rename_Node_523;rename_Node_1811;1.1562266820874947
Node_414;rename_Node_414;rename_Node_414;rename_Node_414;1.015070555245821
Node_2425;rename_Node_2425;rename_Node_2425;rename_Node_1456;0.9793078933926163
Node_715;rename_Node_715;rename_Node_715;rename_Node_715;1.0735692501992267
Node_877;rename_Node_877;rename_Node_877;rename_Node_877;0.9561243158189512
Node_1276;rename_Node_1276;rename_Node_1276;rename_Node_1276;1.1655230692077103
Node_2311;rename_Node_2311;rename_Node_2311;rename_Node_1918;1.1251210480846332
Node_938;rename_Node_938;rename_Node_938;rename_Node_938;0.9593309937705077
Node_1244;rename_Node_1244;rename_Node_1244;rename_Node_1244;1.1758157465510535
Node_1444;rename_Node_1444;rename_Node_1444;rename_Node_1444;0.8399832805102327
Node_2122;rename_Node_2122;rename_Node_2122;rename_Node_2297;1.121635666553968
Node_565;rename_Node_565;rename_Node_565;rename_Node_565;0.9917837673660905
Node_880;rename_Node_880;rename_Node_880;rename_Node_2308;1.055639977595113
Node_625;rename_Node_625;rename_Node_625;rename_Node_625;0.9254035195492283
Node_1589;rename_Node_1589;rename_Node_1589;rename_Node_1871;1.149436158937779
Node_2013;rename_Node_2013;rename_Node_2013;rename_Node_699;1.1470000879711781
Node_769;rename_Node_769;rename_Node_769;rename_Node_769;1.0959531701747751
Node_1667;rename_Node_1667;rename_Node_1667;rename_Node_1388;1.0654931911814076
Node_591;rename_Node_591;rename_Node_591;rename_Node_591;1.0539474436712235
Node_2068;rename_Node_2068;rename_Node_2068;rename_Node_2068;0.9548760601965647
Node_1214;rename_Node_1214;rename_Node_1214;rename_Node_1214;1.0288461965849864
Node_509;rename_Node_509;rename_Node_509;rename_Node_950;1.0690289327217213
Node_148;rename_Node_148;rename_Node_148;rename_Node_148;1.0904315393555877
Node_1873;rename_Node_1873;rename_Node_1873;rename_Node_579;1.052493263420854
Node_896;rename_Node_896;rename_Node_896;rename_Node_896;1.0360299225914613
Node_1644;rename_Node_1644;rename_Node_1644;rename_Node_139;1.1062686979370533
Node_8;rename_Node_8;rename_Node_8;rename_Node_2454;1.1681588438377268
Node_502;rename_Node_502;rename_Node_502;rename_Node_502;1.0296523614871755
Node_2117;rename_Node_2117;rename_Node_2117;rename_Node_621;1.149306706097444
Node_1899;rename_Node_1899;rename_Node_1899;rename_Node_1899;1.0396151381090055
Node_1178;rename_Node_1178;rename_Node_1178;rename_Node_479;1.0238888725067194
Node_1561;rename_Node_1561;rename_Node_1561;rename_Node_2396;1.174503325896762
Node_774;rename_Node_774;rename_Node_774;rename_Node_774;1.1015328782309899
Node_2054;rename_Node_2054;rename_Node_2054;rename_Node_2054;1.0194707687144082
Node_456;rename_Node_456;rename_Node_456;rename_Node_1853;1.103726833119372
Node_2199;rename_Node_2199;rename_Node_2199;rename_Node_2199;1.0207682066590567
Node_1839;rename_Node_1839;rename_Node_1839;rename_Node_2109;1.0780540974024833
Node_1504;rename_Node_1504;rename_Node_1504;rename_Node_1504;1.089679353888742
Node_1263;rename_Node_1263;rename_Node_1263;rename_Node_1263;1.0546143730324111
Node_1838;rename_Node_1838;rename_Node_1838;rename_Node_1838;1.1527133578357056
Node_1408;rename_Node_1408;rename_Node_1408;rename_Node_1408;1.0360016083867127
Node_1236;rename_Node_1236;rename_Node_1236;rename_Node_274;1.117035774552734
Node_220;rename_Node_220;rename_Node_220;rename_Node_220;1.1264431616611934
Node_2121;rename_Node_2121;rename_Node_2121;rename_Node_493;1.0258361848444935
Node_1471;rename_Node_1471;rename_Node_1471;rename_Node_1471;0.8952327700291612
Node_1445;rename_Node_1445;rename_Node_1445;rename_Node_1587;1.083564264523418
Node_1997;rename_Node_1997;rename_Node_1997;rename_Node_254;1.1808883225404712
Node_1261;rename_Node_1261;rename_Node_1261;rename_Node_2037;1.1530542062455102
Node_1531;rename_Node_1531;rename_Node_1531;rename_Node_2368;1.033816290510677
Node_735;rename_Node_735;rename_Node_735;rename_Node_735;0.989351775007424
Node_1082;rename_Node_1082;rename_Node_1082;rename_Node_1082;1.1066677970502967
Node_268;rename_Node_268;rename_Node_268;rename_Node_927;1.0879506929969458
Node_965;rename_Node_965;rename_Node_965;rename_Node_965;0.8508380079599802
Node_213;rename_Node_213;rename_Node_213;rename_Node_320;1.0542555623941963
Node_1924;rename_Node_1924;rename_Node_1924;rename_Node_1924;0.8839720268348548
Node_61;rename_Node_61;rename_Node_61;rename_Node_1448;1.1206236654081463
Node_1345;rename_Node_1345;rename_Node_1345;rename_Node_2361;1.1146625927002671
Node_1037;rename_Node_1037;rename_Node_1037;rename_Node_1589;1.1569548380086272
Node_1283;rename_Node_1283;rename_Node_1283;rename_Node_1283;0.9985938376207301
Node_1734;rename_Node_1734;rename_Node_1734;rename_Node_2396;1.0357917840849309
Node_521;rename_Node_521;rename_Node_521;rename_Node_927;1.0847356610265293
Node_567;rename_Node_567;rename_Node_567;rename_Node_567;1.0323314752488149
Node_2175;rename_Node_2175;rename_Node_2175;rename_Node_2175;1.0585207220176176
Node_2227;rename_Node_2227;rename_Node_2227;rename_Node_2227;1.1296394626239281
Node_453;rename_Node_453;rename_Node_453;rename_Node_573;1.1234780341523412
Node_1960;rename_Node_1960;rename_Node_1960;rename_Node_83;1.1502039924924725
Node_1704;rename_Node_1704;rename_Node_1704;rename_Node_1704;0.9587825170477523
Node_56;rename_Node_56;rename_Node_56;rename_Node_56;0.9527842560563003
Node_668;rename_Node_668;rename_Node_668;rename_Node_1466;1.1534696043288664
Node_1992;rename_Node_1992;rename_Node_1992;rename_Node_763;1.138411058797146
Node_1467;rename_Node_1467;rename_Node_1467;rename_Node_1467;1.080781261309046
Node_1521;rename_Node_1521;rename_Node_1521;rename_Node_1521;1.0356519442381853
Node_371;rename_Node_371;rename_Node_371;rename_Node_371;1.0970969320809227
Node_666;rename_Node_666;rename_Node_666;rename_Node_1398;1.0967272000381778
Node_827;rename_Node_827;rename_Node_827;rename_Node_827;1.1427655870553919
Node_2223;rename_Node_2223;rename_Node_2223;rename_Node_2223;1.069875527943379
Node_930;rename_Node_930;rename_Node_930;rename_Node_930;1.0308538115973516
Node_1674;rename_Node_1674;rename_Node_1674;rename_Node_1674;1.1287609685090465
Node_1131;rename_Node_1131;rename_Node_1131;rename_Node_1131;1.0751043418507478
Node_1977;rename_Node_1977;rename_Node_1977;rename_Node_1374;1.1676125692476709
Node_893;rename_Node_893;rename_Node_893;rename_Node_1459;1.120298485073611
Node_946;rename_Node_946;rename_Node_946;rename_Node_946;0.9900376928598398
Node_2124;rename_Node_2124;rename_Node_2124;rename_Node_915;1.0146225524375394
Node_1288;rename_Node_1288;rename_Node_1288;rename_Node_1288;1.0761688220228753
Node_2369;rename_Node_2369;rename_Node_2369;rename_Node_1091;1.0592148418483833
Node_2320;rename_Node_2320;rename_Node_2320;rename_Node_2320;0.9482529186367302
Node_1998;rename_Node_1998;rename_Node_1998;rename_Node_899;1.1015365863552171
Node_682;rename_Node_682;rename_Node_682;rename_Node_682;1.116379548617479
Node_1599;rename_Node_1599;rename_Node_1599;rename_Node_1599;1.0516851469236663
Node_2329;rename_Node_2329;rename_Node_2329;rename_Node_2481;1.1472632117698267
Node_703;rename_Node_703;rename_Node_703;rename_Node_1092;1.1293514312287938
Node_936;rename_Node_936;rename_Node_936;rename_Node_1666;1.143766831397156
Node_767;rename_Node_767;rename_Node_767;rename_Node_724;1.1243223514934224
Node_491;rename_Node_491;rename_Node_491;rename_Node_491;0.9210249495980868
Node_560;rename_Node_560;rename_Node_560;rename_Node_1866;1.1634623889848277
Node_1041;rename_Node_1041;rename_Node_1041;rename_Node_1041;0.9801297284296566
Node_866;rename_Node_866;rename_Node_866;rename_Node_866;1.056033021046663
Node_1382;rename_Node_1382;rename_Node_1382;rename_Node_669;1.149060500120002
Node_2222;rename_Node_2222;rename_Node_2222;rename_Node_2222;1.00178311746009
Node_1458;rename_Node_1458;rename_Node_1458;rename_Node_1458;1.178837770844103
Node_323;rename_Node_323;rename_Node_323;rename_Node_2386;1.1654801083618629
Node_820;rename_Node_820;rename_Node_820;rename_Node_820;1.0179625755661321
Node_1728;rename_Node_1728;rename_Node_1728;rename_Node_1753;1.1626069056733972
Node_2143;rename_Node_2143;rename_Node_2143;rename_Node_1780;1.1112033080344048
Node_382;rename_Node_382;rename_Node_382;rename_Node_382;1.1279078952903105
Node_918;rename_Node_918;rename_Node_918;rename_Node_659;1.1143051873887915
Node_1618;rename_Node_1618;rename_Node_1618;rename_Node_1618;1.0577764853736384
Node_2063;rename_Node_2063;rename_Node_2063;rename_Node_2063;1.0706117350371929
Node_1111;rename_Node_1111;rename_Node_1111;rename_Node_1111;1.0802811148589522
Node_2127;rename_Node_2127;rename_Node_2127;rename_Node_2127;0.8631192781855669
Node_2316;rename_Node_2316;rename_Node_2316;rename_Node_2316;0.9367476503985096
Node_2315;rename_Node_2315;rename_Node_2315;rename_Node_395;1.0574775976595392
Node_94;rename_Node_94;rename_Node_94;rename_Node_94;0.9615426941861505
Node_627;rename_Node_627;rename_Node_627;rename_Node_243;1.1702064532834207
Node_597;rename_Node_597;rename_Node_597;rename_Node_597;1.101423934685245
Node_423;rename_Node_423;rename_Node_423;rename_Node_423;1.0454931157435923
Node_2024;rename_Node_2024;rename_Node_2024;rename_Node_2024;1.105855836069687
Node_1312;rename_Node_1312;rename_Node_1312;rename_Node_1312;1.1292286320750178
Node_2300;rename_Node_2300;rename_Node_2300;rename_Node_2300;1.1724989046071028
Node_1580;rename_Node_1580;rename_Node_1580;rename_Node_1580;0.9556506954780376
Node_1008;rename_Node_1008;rename_Node_1008;rename_Node_1008;1.032773520903908
Node_1376;rename_Node_1376;rename_Node_1376;rename_Node_1376;1.1112767057585875
Node_1089;rename_Node_1089;rename_Node_1089;rename_Node_1089;1.006583395647634
Node_1572;rename_Node_1572;rename_Node_1572;rename_Node_1541;1.1531007685201413
Node_2452;rename_Node_2452;rename_Node_2452;rename_Node_2452;1.0764294443848994
Node_2234;rename_Node_2234;rename_Node_2234;rename_Node_2331;1.1646343271208697
Node_530;rename_Node_530;rename_Node_530;rename_Node_530;0.9337375079119508
Node_1235;rename_Node_1235;rename_Node_1235;rename_Node_1235;1.1466682230825103
Node_1807;rename_Node_1807;rename_Node_1807;rename_Node_1807;0.9431207441233769
Node_758;rename_Node_758;rename_Node_758;rename_Node_758;0.972012145236279
Node_2167;rename_Node_2167;rename_Node_2167;rename_Node_2167;1.1043695664614828
Node_1990;rename_Node_1990;rename_Node_1990;rename_Node_2052;1.188604024469013
Node_463;rename_Node_463;rename_Node_463;rename_Node_463;0.9923062570271662
Node_594;rename_Node_594;rename_Node_594;rename_Node_594;0.8534093542201997
Node_409;rename_Node_409;rename_Node_409;rename_Node_409;1.0572775344556948
Node_1978;rename_Node_1978;rename_Node_1978;rename_Node_1978;1.0965434548516844
Node_208;rename_Node_208;rename_Node_208;rename_Node_1975;1.1905384162051424
Node_1301;rename_Node_1301;rename_Node_1301;rename_Node_1301;0.8355097302643116
Node_1275;rename_Node_1275;rename_Node_1275;rename_Node_1275;0.9470042924688064
Node_1593;rename_Node_1593;rename_Node_1593;rename_Node_1593;1.0789193090864928
Node_704;rename_Node_704;rename_Node_704;rename_Node_946;1.1293439664588545
Node_1783;rename_Node_1783;rename_Node_1783;rename_Node_1880;1.0963974488223407
Node_9;rename_Node_9;rename_Node_9;rename_Node_292;1.1412545483682086
Node_1621;rename_Node_1621;rename_Node_1621;rename_Node_1621;0.9530036224298916
Node_1835;rename_Node_1835;rename_Node_1835;rename_Node_1755;1.1117273968998038
Node_1791;rename_Node_1791;rename_Node_1791;rename_Node_2425;1.135559254981212
Node_2062;rename_Node_2062;rename_Node_2062;rename_Node_2062;1.0860612465792792
Node_2457;rename_Node_2457;rename_Node_2457;rename_Node_2457;1.022836040821191
Node_1632;rename_Node_1632;rename_Node_1632;rename_Node_1632;0.9554460693472694
Node_2213;rename_Node_2213;rename_Node_2213;rename_Node_2213;0.9671145170949766
Node_564;rename_Node_564;rename_Node_564;rename_Node_564;1.0934489691684637
Node_1651;rename_Node_1651;rename_Node_1651;rename_Node_933;1.0633794639992094
Node_84;rename_Node_84;rename_Node_84;rename_Node_84;1.0339863437645207
Node_1017;rename_Node_1017;rename_Node_1017;rename_Node_2478;1.0885306496007021
Node_1614;rename_Node_1614;rename_Node_1614;rename_Node_1614;0.9990841582015855
Node_217;rename_Node_217;rename_Node_217;rename_Node_217;0.9345901154707474
Node_1152;rename_Node_1152;rename_Node_1152;rename_Node_1152;1.0132708848784342
Node_2134;rename_Node_2134;rename_Node_2134;rename_Node_2134;1.0462031526263096
Node_273;rename_Node_273;rename_Node_273;rename_Node_273;0.9883074775267927
Node_1465;rename_Node_1465;rename_Node_1465;rename_Node_1465;0.9830766010787606
Node_1802;rename_Node_1802;rename_Node_1802;rename_Node_1802;1.0212831517387189
Node_1358;rename_Node_1358;rename_Node_1358;rename_Node_1358;1.0807243698966147
Node_2403;rename_Node_2403;rename_Node_2403;rename_Node_181;1.0416304959293667
Node_1625;rename_Node_1625;rename_Node_1625;rename_Node_1951;1.0655962971183648
Node_1323;rename_Node_1323;rename_Node_1323;rename_Node_1323;1.0914044420640132
Node_1163;rename_Node_1163;rename_Node_1163;rename_Node_1758;1.0926754333078261
Node_1203;rename_Node_1203;rename_Node_1203;rename_Node_2476;1.068316765680318
Node_2322;rename_Node_2322;rename_Node_2322;rename_Node_2322;1.0637593954096605
Node_1778;rename_Node_1778;rename_Node_1778;rename_Node_1778;1.08035730887053
Node_1863;rename_Node_1863;rename_Node_1863;rename_Node_1863;1.017885323017557
Node_76;rename_Node_76;rename_Node_76;rename_Node_76;1.0688146748641114
Node_867;rename_Node_867;rename_Node_867;rename_Node_867;1.0030560859977224
Node_738;rename_Node_738;rename_Node_738;rename_Node_2006;1.143458433753068
Node_1688;rename_Node_1688;rename_Node_1688;rename_Node_954;0.8544171585742067
Node_2141;rename_Node_2141;rename_Node_2141;rename_Node_1308;1.1184700350989247
Node_571;rename_Node_571;rename_Node_571;rename_Node_571;0.9971196663855383
Node_554;rename_Node_554;rename_Node_554;rename_Node_2331;1.104867379110222
Node_302;rename_Node_302;rename_Node_302;rename_Node_302;1.171638377858472
Node_1578;rename_Node_1578;rename_Node_1578;rename_Node_819;1.1660839389999775
Node_1224;rename_Node_1224;rename_Node_1224;rename_Node_1224;1.118646196947612
Node_2186;rename_Node_2186;rename_Node_2186;rename_Node_1032;1.1459607564986622
Node_1852;rename_Node_1852;rename_Node_1852;rename_Node_1388;1.1708887124389442
Node_1374;rename_Node_1374;rename_Node_1374;rename_Node_631;1.1781084136652598
Node_2084;rename_Node_2084;rename_Node_2084;rename_Node_2084;1.00046432036128
Node_1124;rename_Node_1124;rename_Node_1124;rename_Node_1124;0.9335341261696133
Node_242;rename_Node_242;rename_Node_242;rename_Node_242;1.0734931497725138
Node_1556;rename_Node_1556;rename_Node_1556;rename_Node_1556;0.9773963306362184
Node_75;rename_Node_75;rename_Node_75;rename_Node_75;0.8872557196405908
Node_355;rename_Node_355;rename_Node_355;rename_Node_355;0.995794600595357
Node_2365;rename_Node_2365;rename_Node_2365;rename_Node_936;1.118335981507602
Node_1907;rename_Node_1907;rename_Node_1907;rename_Node_1907;1.0221172640763234
Node_894;rename_Node_894;rename_Node_894;rename_Node_596;1.1177560193430023
Node_672;rename_Node_672;rename_Node_672;rename_Node_672;1.1042349137015428
Node_1315;rename_Node_1315;rename_Node_1315;rename_Node_1315;1.0734411781409336
Node_249;rename_Node_249;rename_Node_249;rename_Node_249;0.9764609280582155
Node_93;rename_Node_93;rename_Node_93;rename_Node_93;0.9481524192146181
Node_437;rename_Node_437;rename_Node_437;rename_Node_2478;1.146852385971812
Node_749;rename_Node_749;rename_Node_749;rename_Node_21;1.0840936789744675
Node_426;rename_Node_426;rename_Node_426;rename_Node_1724;1.2101789179331377
Node_1722;rename_Node_1722;rename_Node_1722;rename_Node_1722;1.006639182452678
Node_1735;rename_Node_1735;rename_Node_1735;rename_Node_2063;1.1566921540161237
Node_333;rename_Node_333;rename_Node_333;rename_Node_333;1.1070797461664241
Node_557;rename_Node_557;rename_Node_557;rename_Node_557;1.1667447179855273
Node_1536;rename_Node_1536;rename_Node_1536;rename_Node_1536;0.949739116003234
Node_2239;rename_Node_2239;rename_Node_2239;rename_Node_2239;1.0663837963289162
Node_1192;rename_Node_1192;rename_Node_1192;rename_Node_1192;0.9828028423594448
Node_2490;rename_Node_2490;rename_Node_2490;rename_Node_1953;1.1422083697285177
Node_1814;rename_Node_1814;rename_Node_1814;rename_Node_1814;1.1502715435128552
Node_91;rename_Node_91;rename_Node_91;rename_Node_91;1.1224475531070164
Node_480;rename_Node_480;rename_Node_480;rename_Node_505;1.086221310334192
Node_1650;rename_Node_1650;rename_Node_1650;rename_Node_1650;0.9833102035419915
Node_844;rename_Node_844;rename_Node_844;rename_Node_272;1.1155210532689035
Node_654;rename_Node_654;rename_Node_654;rename_Node_654;1.0375708700963473
Node_1562;rename_Node_1562;rename_Node_1562;rename_Node_1562;1.1401645620703418
Node_2081;rename_Node_2081;rename_Node_2081;rename_Node_1037;1.1049302407962034
Node_368;rename_Node_368;rename_Node_368;rename_Node_816;1.1590321504229628
Node_2333;rename_Node_2333;rename_Node_2333;rename_Node_449;1.0188685767493377
Node_1779;rename_Node_1779;rename_Node_1779;rename_Node_961;1.057641615801342
Node_2014;rename_Node_2014;rename_Node_2014;rename_Node_2014;1.0620282299783461
Node_755;rename_Node_755;rename_Node_755;rename_Node_755;1.077202327836209
Node_999;rename_Node_999;rename_Node_999;rename_Node_999;0.9933291046950008
Node_1537;rename_Node_1537;rename_Node_1537;rename_Node_1194;1.0875796539112015
Node_214;rename_Node_214;rename_Node_214;rename_Node_1663;1.105395876730672
Node_1437;rename_Node_1437;rename_Node_1437;rename_Node_1437;1.0250784153278818
Node_317;rename_Node_317;rename_Node_317;rename_Node_317;0.9687076386206301
Node_2007;rename_Node_2007;rename_Node_2007;rename_Node_2007;0.9943473085902592
Node_1695;rename_Node_1695;rename_Node_1695;rename_Node_2337;1.0602354777290035
Node_2052;rename_Node_2052;rename_Node_2052;rename_Node_2052;1.0746500412548952
Node_1547;rename_Node_1547;rename_Node_1547;rename_Node_1547;1.1199654313318563
Node_2088;rename_Node_2088;rename_Node_2088;rename_Node_1924;1.0329452269288686
Node_112;rename_Node_112;rename_Node_112;rename_Node_1111;1.1739611988110803
Node_1059;rename_Node_1059;rename_Node_1059;rename_Node_440;1.0324429189466138
Node_1194;rename_Node_1194;rename_Node_1194;rename_Node_1194;0.9624287942657485
Node_516;rename_Node_516;rename_Node_516;rename_Node_1394;1.1367312232303237
Node_389;rename_Node_389;rename_Node_389;rename_Node_389;1.0853449037200902
Node_1881;rename_Node_1881;rename_Node_1881;rename_Node_1881;1.0325771118245008
Node_1994;rename_Node_1994;rename_Node_1994;rename_Node_1994;1.117724871548513
Node_1895;rename_Node_1895;rename_Node_1895;rename_Node_886;1.1604008279011286
Node_444;rename_Node_444;rename_Node_444;rename_Node_1136;1.0875655772492985
Node_572;rename_Node_572;rename_Node_572;rename_Node_572;0.9905438215333833
Node_1602;rename_Node_1602;rename_Node_1602;rename_Node_1012;1.0862413722781274
Node_2332;rename_Node_2332;rename_Node_2332;rename_Node_1710;1.0468567873478696
Node_1604;rename_Node_1604;rename_Node_1604;rename_Node_1604;0.902853918296388
Node_1729;rename_Node_1729;rename_Node_1729;rename_Node_2000;1.0723208632924806
Node_2206;rename_Node_2206;rename_Node_2206;rename_Node_808;1.1509891124749172
Node_2190;rename_Node_2190;rename_Node_2190;rename_Node_2190;0.9205075343364515
Node_1741;rename_Node_1741;rename_Node_1741;rename_Node_1741;1.0039328239805538
Node_2172;rename_Node_2172;rename_Node_2172;rename_Node_2172;1.0814653458287304
Node_1884;rename_Node_1884;rename_Node_1884;rename_Node_1884;1.0074906779363058
Node_186;rename_Node_186;rename_Node_186;rename_Node_434;1.103810389970732
Node_2125;rename_Node_2125;rename_Node_2125;rename_Node_102;1.130038520295516
Node_1488;rename_Node_1488;rename_Node_1488;rename_Node_1850;1.0633128930313753
Node_240;rename_Node_240;rename_Node_240;rename_Node_240;1.0236892183663344
Node_1539;rename_Node_1539;rename_Node_1539;rename_Node_1539;1.0773160653101355
Node_1532;rename_Node_1532;rename_Node_1532;rename_Node_1532;1.154534728617046
Node_1975;rename_Node_1975;rename_Node_1975;rename_Node_1975;1.038114918993772
Node_709;rename_Node_709;rename_Node_709;rename_Node_256;1.0631591105582485
Node_1770;rename_Node_1770;rename_Node_1770;rename_Node_1770;1.0056237295618673
Node_2429;rename_Node_2429;rename_Node_2429;rename_Node_2429;0.9068903298830744
Node_1435;rename_Node_1435;rename_Node_1435;rename_Node_1435;1.036535680275442
Node_1914;rename_Node_1914;rename_Node_1914;rename_Node_1914;0.9984122241234443
Node_1507;rename_Node_1507;rename_Node_1507;rename_Node_1507;0.9253634848262408
Node_631;rename_Node_631;rename_Node_631;rename_Node_631;1.0959433992849317
Node_1231;rename_Node_1231;rename_Node_1231;rename_Node_1231;1.0263491992287725
Node_1823;rename_Node_1823;rename_Node_1823;rename_Node_1579;1.0634369602741889
Node_1576;rename_Node_1576;rename_Node_1576;rename_Node_2134;1.0506097549153064
Node_79;rename_Node_79;rename_Node_79;rename_Node_527;1.1924270985400314
Node_1456;rename_Node_1456;rename_Node_1456;rename_Node_1872;1.0682678468017515
Node_2261;rename_Node_2261;rename_Node_2261;rename_Node_1076;1.1447681044148867
Node_897;rename_Node_897;rename_Node_897;rename_Node_1898;1.0977476221220748
Node_2394;rename_Node_2394;rename_Node_2394;rename_Node_2394;1.024837813573549
Node_2262;rename_Node_2262;rename_Node_2262;rename_Node_2262;1.127195970387588
Node_7;rename_Node_7;rename_Node_7;rename_Node_10;1.2039889085458506
Node_1550;rename_Node_1550;rename_Node_1550;rename_Node_1550;1.078740302093489
Node_1350;rename_Node_1350;rename_Node_1350;rename_Node_570;1.090291021759467
Node_2217;rename_Node_2217;rename_Node_2217;rename_Node_2217;1.021884267052287
Node_1198;rename_Node_1198;rename_Node_1198;rename_Node_1198;1.0237404574000208
Node_1648;rename_Node_1648;rename_Node_1648;rename_Node_1648;1.0555591008802343
Node_338;rename_Node_338;rename_Node_338;rename_Node_338;1.0798092638760468
Node_53;rename_Node_53;rename_Node_53;rename_Node_53;1.026735338565828
Node_1712;rename_Node_1712;rename_Node_1712;rename_Node_1712;0.8942652467946004
Node_915;rename_Node_915;rename_Node_915;rename_Node_915;1.0685984439144718
Node_1952;rename_Node_1952;rename_Node_1952;rename_Node_1952;1.0739226486013886
Node_1853;rename_Node_1853;rename_Node_1853;rename_Node_471;1.1759923798815943
Node_2359;rename_Node_2359;rename_Node_2359;rename_Node_2159;1.0264456399410682
Node_165;rename_Node_165;rename_Node_165;rename_Node_165;1.1816935518990588
Node_1403;rename_Node_1403;rename_Node_1403;rename_Node_45;1.1657378062125034
Node_2380;rename_Node_2380;rename_Node_2380;rename_Node_1934;1.1765465221364957
Node_2335;rename_Node_2335;rename_Node_2335;rename_Node_385;1.0734298010703212
Node_1461;rename_Node_1461;rename_Node_1461;rename_Node_2082;1.1129105942838353
Node_230;rename_Node_230;rename_Node_230;rename_Node_230;0.968103853470953
Node_511;rename_Node_511;rename_Node_511;rename_Node_2117;1.1527562015368593
Node_494;rename_Node_494;rename_Node_494;rename_Node_494;1.09603179156751
Node_1234;rename_Node_1234;rename_Node_1234;rename_Node_1234;0.9850208452971844
Node_1306;rename_Node_1306;rename_Node_1306;rename_Node_1306;1.040838686738601
Node_1682;rename_Node_1682;rename_Node_1682;rename_Node_1682;0.9652430278397174
Node_873;rename_Node_873;rename_Node_873;rename_Node_873;1.1384036707276468
Node_2278;rename_Node_2278;rename_Node_2278;rename_Node_177;1.0645642800763382
Node_1756;rename_Node_1756;rename_Node_1756;rename_Node_850;1.1002297529995806
Node_1363;rename_Node_1363;rename_Node_1363;rename_Node_1361;1.1344257575801493
Node_2254;rename_Node_2254;rename_Node_2254;rename_Node_621;1.0355383233109468
Node_626;rename_Node_626;rename_Node_626;rename_Node_2028;1.1692154202025837
Node_57;rename_Node_57;rename_Node_57;rename_Node_2244;1.1963874244143218
Node_765;rename_Node_765;rename_Node_765;rename_Node_1521;1.1017901074493548
Node_1165;rename_Node_1165;rename_Node_1165;rename_Node_1165;0.9571143245878376
Node_96;rename_Node_96;rename_Node_96;rename_Node_96;1.0401757297566774
Node_289;rename_Node_289;rename_Node_289;rename_Node_289;0.9359212878918065
Node_2072;rename_Node_2072;rename_Node_2072;rename_Node_1184;1.141052518347436
Node_277;rename_Node_277;rename_Node_277;rename_Node_2486;1.1047921102737197
Node_248;rename_Node_248;rename_Node_248;rename_Node_1027;1.1848302422641117
Node_640;rename_Node_640;rename_Node_640;rename_Node_640;0.9832258689510688
Node_2270;rename_Node_2270;rename_Node_2270;rename_Node_2270;1.065698953348985
Node_1135;rename_Node_1135;rename_Node_1135;rename_Node_1135;1.0766921521786594
Node_1681;rename_Node_1681;rename_Node_1681;rename_Node_1681;0.9985472715747762
Node_1175;rename_Node_1175;rename_Node_1175;rename_Node_2316;1.1268992748066762
Node_669;rename_Node_669;rename_Node_669;rename_Node_669;1.0058098576133783
Node_982;rename_Node_982;rename_Node_982;rename_Node_683;1.0697238611898772
Node_396;rename_Node_396;rename_Node_396;rename_Node_992;1.1061793875582622
Node_1438;rename_Node_1438;rename_Node_1438;rename_Node_1438;1.0780005545608002
Node_1691;rename_Node_1691;rename_Node_1691;rename_Node_1691;1.107134245157123
Node_1409;rename_Node_1409;rename_Node_1409;rename_Node_1645;1.1415935505073576
Node_1849;rename_Node_1849;rename_Node_1849;rename_Node_1849;1.0778306982701162
Node_614;rename_Node_614;rename_Node_614;rename_Node_614;0.9849593520136942
Node_694;rename_Node_694;rename_Node_694;rename_Node_694;1.1018681626096913
Node_1641;rename_Node_1641;rename_Node_1641;rename_Node_1538;1.1439648812451728
Node_350;rename_Node_350;rename_Node_350;rename_Node_350;1.0765989483969927
Node_331;rename_Node_331;rename_Node_331;rename_Node_331;0.9932159988147498
Node_2019;rename_Node_2019;rename_Node_2019;rename_Node_1734;1.1420296016029037
Node_1834;rename_Node_1834;rename_Node_1834;rename_Node_1834;1.085582819333806
Node_141;rename_Node_141;rename_Node_141;rename_Node_141;1.0594599518316232
Node_855;rename_Node_855;rename_Node_855;rename_Node_855;1.12062128217678
Node_102;rename_Node_102;rename_Node_102;rename_Node_102;0.9594524613268547
Node_761;rename_Node_761;rename_Node_761;rename_Node_576;1.1487308470957085
Node_658;rename_Node_658;rename_Node_658;rename_Node_658;1.0152753275449515
Node_1954;rename_Node_1954;rename_Node_1954;rename_Node_1619;1.1378312732728249
Node_319;rename_Node_319;rename_Node_319;rename_Node_1668;1.1160843529070017
Node_1512;rename_Node_1512;rename_Node_1512;rename_Node_1512;1.0739982196369104
Node_1419;rename_Node_1419;rename_Node_1419;rename_Node_1419;0.954916221779042
Node_781;rename_Node_781;rename_Node_781;rename_Node_781;1.1404400363976783
Node_1284;rename_Node_1284;rename_Node_1284;rename_Node_1284;1.016934535786276
Node_2111;rename_Node_2111;rename_Node_2111;rename_Node_2111;1.0298815476091712
Node_1692;rename_Node_1692;rename_Node_1692;rename_Node_1692;0.8854456839981146
Node_326;rename_Node_326;rename_Node_326;rename_Node_2314;1.0022023164002598
Node_40;rename_Node_40;rename_Node_40;rename_Node_40;1.133997784847754
Node_576;rename_Node_576;rename_Node_576;rename_Node_1776;1.1698688125727237
Node_989;rename_Node_989;rename_Node_989;rename_Node_989;1.1374456612707526
Node_194;rename_Node_194;rename_Node_194;rename_Node_194;1.0275636201285554
Node_2069;rename_Node_2069;rename_Node_2069;rename_Node_2069;0.9059220912548583
Node_353;rename_Node_353;rename_Node_353;rename_Node_353;0.9772929941691149
Node_2336;rename_Node_2336;rename_Node_2336;rename_Node_2336;1.0706119331847366
Node_1590;rename_Node_1590;rename_Node_1590;rename_Node_1074;1.1591487255900659
Node_1679;rename_Node_1679;rename_Node_1679;rename_Node_2250;1.0807271682187791
Node_60;rename_Node_60;rename_Node_60;rename_Node_253;1.1388343779376306
Node_1988;rename_Node_1988;rename_Node_1988;rename_Node_1988;0.9947636771690649
Node_206;rename_Node_206;rename_Node_206;rename_Node_1111;1.0875759225153394
Node_1314;rename_Node_1314;rename_Node_1314;rename_Node_1314;1.0971889603929927
Node_952;rename_Node_952;rename_Node_952;rename_Node_952;1.0712506845069185
Node_706;rename_Node_706;rename_Node_706;rename_Node_1127;1.1592387892294371
Node_1006;rename_Node_1006;rename_Node_1006;rename_Node_1566;1.140556131147533
Node_395;rename_Node_395;rename_Node_395;rename_Node_395;0.9815775494902511
Node_2310;rename_Node_2310;rename_Node_2310;rename_Node_1664;1.0423840426215851
Node_66;rename_Node_66;rename_Node_66;rename_Node_66;1.0368848521856915
Node_1472;rename_Node_1472;rename_Node_1472;rename_Node_1472;1.0536434830803676
Node_21;rename_Node_21;rename_Node_21;rename_Node_1444;1.1017700239550883
Node_2231;rename_Node_2231;rename_Node_2231;rename_Node_2231;1.005255547323168
Node_990;rename_Node_990;rename_Node_990;rename_Node_2487;1.1326947767027398
Node_533;rename_Node_533;rename_Node_533;rename_Node_533;1.1261529006156574
Node_531;rename_Node_531;rename_Node_531;rename_Node_1993;1.0757325752787068
Node_2092;rename_Node_2092;rename_Node_2092;rename_Node_599;1.167855083287143
Node_2155;rename_Node_2155;rename_Node_2155;rename_Node_1341;1.1441664078131424
Node_1571;rename_Node_1571;rename_Node_1571;rename_Node_1571;1.0470649516284338
Node_27;rename_Node_27;rename_Node_27;rename_Node_27;1.1302011084342694
Node_2381;rename_Node_2381;rename_Node_2381;rename_Node_1477;1.193922739335647
Node_327;rename_Node_327;rename_Node_327;rename_Node_327;0.9927183057657464
Node_2279;rename_Node_2279;rename_Node_2279;rename_Node_2315;1.1510491939322864
Node_1042;rename_Node_1042;rename_Node_1042;rename_Node_1042;1.035144029418389
Node_1986;rename_Node_1986;rename_Node_1986;rename_Node_1986;1.1306801084408904
Node_840;rename_Node_840;rename_Node_840;rename_Node_840;0.8873982646663603
Node_595;rename_Node_595;rename_Node_595;rename_Node_1554;1.091446024253584
Node_1373;rename_Node_1373;rename_Node_1373;rename_Node_1373;0.9779841961918972
Node_2236;rename_Node_2236;rename_Node_2236;rename_Node_2236;1.0197864780648114
Node_1304;rename_Node_1304;rename_Node_1304;rename_Node_1304;0.9912509890439046
Node_2287;rename_Node_2287;rename_Node_2287;rename_Node_215;1.1129765681776635
Node_2036;rename_Node_2036;rename_Node_2036;rename_Node_2294;1.1736934781755501
Node_1516;rename_Node_1516;rename_Node_1516;rename_Node_1334;1.1887098702747176
Node_2130;rename_Node_2130;rename_Node_2130;rename_Node_2130;1.01333919274917
Node_582;rename_Node_582;rename_Node_582;rename_Node_1712;1.13398336283891
Node_1285;rename_Node_1285;rename_Node_1285;rename_Node_29;1.0487467088279467
Node_1885;rename_Node_1885;rename_Node_1885;rename_Node_1885;1.0610447180989726
Node_1262;rename_Node_1262;rename_Node_1262;rename_Node_1783;1.1011388104097932
Node_1983;rename_Node_1983;rename_Node_1983;rename_Node_1683;1.0578618744204762
Node_2435;rename_Node_2435;rename_Node_2435;rename_Node_2437;1.069071926367772
Node_484;rename_Node_484;rename_Node_484;rename_Node_484;1.0239777537381476
Node_622;rename_Node_622;rename_Node_622;rename_Node_1674;1.0882697635890277
Node_1943;rename_Node_1943;rename_Node_1943;rename_Node_1943;1.00874472274386
Node_633;rename_Node_633;rename_Node_633;rename_Node_633;0.9532084169909426
Node_2280;rename_Node_2280;rename_Node_2280;rename_Node_2068;1.1033613412641243
Node_1694;rename_Node_1694;rename_Node_1694;rename_Node_690;1.1092466636285236
Node_1344;rename_Node_1344;rename_Node_1344;rename_Node_1344;1.0410706561233298
Node_219;rename_Node_219;rename_Node_219;rename_Node_2499;1.0674094771316018
Node_2360;rename_Node_2360;rename_Node_2360;rename_Node_2360;0.9802729006054706
Node_136;rename_Node_136;rename_Node_136;rename_Node_388;1.154325241276313
Node_1346;rename_Node_1346;rename_Node_1346;rename_Node_2220;1.0404248404130991
Node_788;rename_Node_788;rename_Node_788;rename_Node_2155;1.0773677220662132
Node_1767;rename_Node_1767;rename_Node_1767;rename_Node_763;1.115705931754835
Node_984;rename_Node_984;rename_Node_984;rename_Node_754;1.1270714598187503
Node_224;rename_Node_224;rename_Node_224;rename_Node_224;1.0374146268167537
Node_2139;rename_Node_2139;rename_Node_2139;rename_Node_1915;1.1221770455948636
Node_272;rename_Node_272;rename_Node_272;rename_Node_1242;1.1471811440646855
Node_140;rename_Node_140;rename_Node_140;rename_Node_140;0.9741568146584195
Node_2260;rename_Node_2260;rename_Node_2260;rename_Node_2260;0.9595558398849358
Node_2016;rename_Node_2016;rename_Node_2016;rename_Node_2016;0.9900575630038079
Node_539;rename_Node_539;rename_Node_539;rename_Node_539;1.0532969847117641
Node_263;rename_Node_263;rename_Node_263;rename_Node_263;1.141490529364321
Node_1832;rename_Node_1832;rename_Node_1832;rename_Node_1987;1.1212133966018887
Node_119;rename_Node_119;rename_Node_119;rename_Node_1852;1.1579647469650494
Node_1800;rename_Node_1800;rename_Node_1800;rename_Node_1800;1.0992439478565836
Node_22;rename_Node_22;rename_Node_22;rename_Node_2276;1.094687903809184
Node_2371;rename_Node_2371;rename_Node_2371;rename_Node_1298;0.9978502368920397
Node_1776;rename_Node_1776;rename_Node_1776;rename_Node_1776;1.0249668410112658
Node_801;rename_Node_801;rename_Node_801;rename_Node_801;1.0819947958784635
Node_874;rename_Node_874;rename_Node_874;rename_Node_874;1.0884016387127136
Node_1469;rename_Node_1469;rename_Node_1469;rename_Node_834;1.09699460496284
Node_1987;rename_Node_1987;rename_Node_1987;rename_Node_1987;0.9787369296475708
Node_643;rename_Node_643;rename_Node_643;rename_Node_1759;1.1065138444689993
Node_390;rename_Node_390;rename_Node_390;rename_Node_390;0.8741859256278902
Node_711;rename_Node_711;rename_Node_711;rename_Node_330;1.1569138294081727
Node_2326;rename_Node_2326;rename_Node_2326;rename_Node_2326;1.133504586632281
Node_2115;rename_Node_2115;rename_Node_2115;rename_Node_823;1.043152312465431
Node_934;rename_Node_934;rename_Node_934;rename_Node_934;0.9925510321876255
Node_2470;rename_Node_2470;rename_Node_2470;rename_Node_2224;1.1151376803101685
Node_1909;rename_Node_1909;rename_Node_1909;rename_Node_725;1.1718508148393263
Node_649;rename_Node_649;rename_Node_649;rename_Node_649;1.0892669202250511
Node_2173;rename_Node_2173;rename_Node_2173;rename_Node_1143;1.1130464395404274
Node_1250;rename_Node_1250;rename_Node_1250;rename_Node_1250;0.9827712965568066
Node_1760;rename_Node_1760;rename_Node_1760;rename_Node_844;1.1164152907930267
Node_1104;rename_Node_1104;rename_Node_1104;rename_Node_2082;1.0671802846740197
Node_1113;rename_Node_1113;rename_Node_1113;rename_Node_1155;1.1013275962770237
Node_632;rename_Node_632;rename_Node_632;rename_Node_1093;1.1470413931875412
Node_2441;rename_Node_2441;rename_Node_2441;rename_Node_2441;0.9217523190678848
Node_1486;rename_Node_1486;rename_Node_1486;rename_Node_1486;1.0421582723129477
Node_962;rename_Node_962;rename_Node_962;rename_Node_962;1.1019702927373458
Node_1016;rename_Node_1016;rename_Node_1016;rename_Node_1016;0.9814093072059541
Node_114;rename_Node_114;rename_Node_114;rename_Node_1670;1.084508378620535
Node_1495;rename_Node_1495;rename_Node_1495;rename_Node_504;1.1623055279059826
Node_618;rename_Node_618;rename_Node_618;rename_Node_618;1.074730654015048
Node_123;rename_Node_123;rename_Node_123;rename_Node_123;1.1093324009322394
Node_43;rename_Node_43;rename_Node_43;rename_Node_483;1.122423110984032
Node_760;rename_Node_760;rename_Node_760;rename_Node_1216;1.171246422772213
Node_1628;rename_Node_1628;rename_Node_1628;rename_Node_1628;0.8881162231262386
Node_2079;rename_Node_2079;rename_Node_2079;rename_Node_2079;0.983737037237721
Node_176;rename_Node_176;rename_Node_176;rename_Node_1760;1.167455499532819
Node_313;rename_Node_313;rename_Node_313;rename_Node_780;1.1428030647987009
Node_228;rename_Node_228;rename_Node_228;rename_Node_1965;1.166341393109831
Node_1793;rename_Node_1793;rename_Node_1793;rename_Node_1793;1.0281231201281498
Node_1221;rename_Node_1221;rename_Node_1221;rename_Node_1391;1.177763393552767
Node_2249;rename_Node_2249;rename_Node_2249;rename_Node_1311;1.1301489728042446
Node_247;rename_Node_247;rename_Node_247;rename_Node_247;1.1035645887559002
Node_2091;rename_Node_2091;rename_Node_2091;rename_Node_2091;1.133097216016148
Node_2462;rename_Node_2462;rename_Node_2462;rename_Node_555;1.095680816148836
Node_68;rename_Node_68;rename_Node_68;rename_Node_68;0.8888595818481597
Node_1995;rename_Node_1995;rename_Node_1995;rename_Node_1572;1.1587015043100573
Node_2146;rename_Node_2146;rename_Node_2146;rename_Node_2146;1.0305372500456356
Node_578;rename_Node_578;rename_Node_578;rename_Node_578;1.0182296614925004
Node_11;rename_Node_11;rename_Node_11;rename_Node_369;1.0052179419409124
Node_1287;rename_Node_1287;rename_Node_1287;rename_Node_1287;0.9110040704376664
Node_1171;rename_Node_1171;rename_Node_1171;rename_Node_1171;1.139078528813092
Node_544;rename_Node_544;rename_Node_544;rename_Node_544;1.080808826148189
Node_2145;rename_Node_2145;rename_Node_2145;rename_Node_2145;0.908835585866647
Node_558;rename_Node_558;rename_Node_558;rename_Node_1190;1.1654017436861963
Node_964;rename_Node_964;rename_Node_964;rename_Node_964;1.090351646098114
Node_2165;rename_Node_2165;rename_Node_2165;rename_Node_2165;1.0044676162054313
Node_281;rename_Node_281;rename_Node_281;rename_Node_281;0.9855756744303308
Node_857;rename_Node_857;rename_Node_857;rename_Node_857;1.1069107121186863
Node_1273;rename_Node_1273;rename_Node_1273;rename_Node_1273;0.8757163472541106
Node_2170;rename_Node_2170;rename_Node_2170;rename_Node_1357;1.1099371823928275
Node_1441;rename_Node_1441;rename_Node_1441;rename_Node_1569;1.0694625933992168
Node_2038;rename_Node_2038;rename_Node_2038;rename_Node_2038;0.9743946284234233
Node_1843;rename_Node_1843;rename_Node_1843;rename_Node_1843;1.056070175541688
Node_829;rename_Node_829;rename_Node_829;rename_Node_2447;1.1571323275349086
Node_732;rename_Node_732;rename_Node_732;rename_Node_1633;1.0363181472093885
Node_2309;rename_Node_2309;rename_Node_2309;rename_Node_760;1.189978864391694
Node_104;rename_Node_104;rename_Node_104;rename_Node_104;1.0091401204061825
Node_1947;rename_Node_1947;rename_Node_1947;rename_Node_2077;1.0581734056829113
Node_369;rename_Node_369;rename_Node_369;rename_Node_369;1.0752873497971225
Node_823;rename_Node_823;rename_Node_823;rename_Node_823;0.9406604555458433
Node_130;rename_Node_130;rename_Node_130;rename_Node_130;1.0966411484313365
Node_933;rename_Node_933;rename_Node_933;rename_Node_389;1.1191246519073292
Node_129;rename_Node_129;rename_Node_129;rename_Node_869;1.1327273050750202
Node_304;rename_Node_304;rename_Node_304;rename_Node_871;1.117458768104989
Node_380;rename_Node_380;rename_Node_380;rename_Node_380;1.0410736192709626
Node_1226;rename_Node_1226;rename_Node_1226;rename_Node_1226;0.8899580334949303
Node_2289;rename_Node_2289;rename_Node_2289;rename_Node_2340;1.075226906361643
Node_677;rename_Node_677;rename_Node_677;rename_Node_690;1.07489427077624
Node_2064;rename_Node_2064;rename_Node_2064;rename_Node_2064;1.0479476895342543
Node_1552;rename_Node_1552;rename_Node_1552;rename_Node_384;1.1297046679852911
Node_101;rename_Node_101;rename_Node_101;rename_Node_101;1.0955549519838725
Node_1953;rename_Node_1953;rename_Node_1953;rename_Node_1953;0.953512487178923
Node_2179;rename_Node_2179;rename_Node_2179;rename_Node_2179;1.000309524302347
Node_974;rename_Node_974;rename_Node_974;rename_Node_974;1.0352439365551385
Node_1645;rename_Node_1645;rename_Node_1645;rename_Node_710;1.1550765779787702
Node_305;rename_Node_305;rename_Node_305;rename_Node_305;0.955108697920293
Node_1002;rename_Node_1002;rename_Node_1002;rename_Node_1002;0.857126560589844
Node_2197;rename_Node_2197;rename_Node_2197;rename_Node_2197;1.0882944317001795
Node_756;rename_Node_756;rename_Node_756;rename_Node_1346;1.1150036849858018
Node_584;rename_Node_584;rename_Node_584;rename_Node_584;1.0351114773918908
Node_1699;rename_Node_1699;rename_Node_1699;rename_Node_1178;1.102225784422175
Node_665;rename_Node_665;rename_Node_665;rename_Node_665;1.068150911633286
Node_229;rename_Node_229;rename_Node_229;rename_Node_229;0.9618003663725841
Node_1607;rename_Node_1607;rename_Node_1607;rename_Node_698;1.1440587445789856
Node_775;rename_Node_775;rename_Node_775;rename_Node_1247;1.1528102635655608
Node_1383;rename_Node_1383;rename_Node_1383;rename_Node_1793;1.174708378402068
Node_1911;rename_Node_1911;rename_Node_1911;rename_Node_1911;0.9590249146140977
Node_945;rename_Node_945;rename_Node_945;rename_Node_945;0.9803782382395876
Node_550;rename_Node_550;rename_Node_550;rename_Node_550;1.038009199587739
Node_1639;rename_Node_1639;rename_Node_1639;rename_Node_1639;1.0422559778771723
Node_2442;rename_Node_2442;rename_Node_2442;rename_Node_2442;1.0503630064165168
Node_705;rename_Node_705;rename_Node_705;rename_Node_705;0.9534406809867838
Node_1601;rename_Node_1601;rename_Node_1601;rename_Node_1601;0.927527261804823
Node_1222;rename_Node_1222;rename_Node_1222;rename_Node_1222;1.0642755742518402
Node_1517;rename_Node_1517;rename_Node_1517;rename_Node_1517;0.9708492842703064
Node_1168;rename_Node_1168;rename_Node_1168;rename_Node_566;1.1078790812966657
Node_1663;rename_Node_1663;rename_Node_1663;rename_Node_1663;1.0326964603401538
Node_1499;rename_Node_1499;rename_Node_1499;rename_Node_392;1.1668767778674625
Node_1758;rename_Node_1758;rename_Node_1758;rename_Node_1758;1.0585614553578742
Node_1696;rename_Node_1696;rename_Node_1696;rename_Node_114;1.1614662233456965
Node_351;rename_Node_351;rename_Node_351;rename_Node_351;0.9792367789722434
Node_1494;rename_Node_1494;rename_Node_1494;rename_Node_2058;1.0995684409871809
Node_211;rename_Node_211;rename_Node_211;rename_Node_211;0.9465138621880841
Node_2323;rename_Node_2323;rename_Node_2323;rename_Node_1733;1.1362147319874825
Node_1886;rename_Node_1886;rename_Node_1886;rename_Node_1886;1.0748802015021905
Node_1278;rename_Node_1278;rename_Node_1278;rename_Node_1220;1.0919746394827994
Node_887;rename_Node_887;rename_Node_887;rename_Node_887;1.0319574248442993
Node_942;rename_Node_942;rename_Node_942;rename_Node_942;1.0905119338242868
Node_2067;rename_Node_2067;rename_Node_2067;rename_Node_2067;1.0784378876670795
Node_1431;rename_Node_1431;rename_Node_1431;rename_Node_1431;1.0885080749885776
Node_2181;rename_Node_2181;rename_Node_2181;rename_Node_2181;1.1767627166278667
Node_2364;rename_Node_2364;rename_Node_2364;rename_Node_2364;0.9522871940288639
Node_1150;rename_Node_1150;rename_Node_1150;rename_Node_345;1.087657078711824
Node_2201;rename_Node_2201;rename_Node_2201;rename_Node_2050;0.9911244323039121
Node_400;rename_Node_400;rename_Node_400;rename_Node_1392;1.1269741661349542
Node_916;rename_Node_916;rename_Node_916;rename_Node_259;1.1613126814778394
Node_2328;rename_Node_2328;rename_Node_2328;rename_Node_317;1.0760657670333345
Node_1031;rename_Node_1031;rename_Node_1031;rename_Node_1031;0.9793094057158911
Node_505;rename_Node_505;rename_Node_505;rename_Node_505;0.9633557757707066
Node_797;rename_Node_797;rename_Node_797;rename_Node_797;0.990895312790918
Node_2003;rename_Node_2003;rename_Node_2003;rename_Node_2003;0.9980745758198083
Node_63;rename_Node_63;rename_Node_63;rename_Node_63;1.0303411202687356
Node_457;rename_Node_457;rename_Node_457;rename_Node_457;1.0562924701021223
Node_15;rename_Node_15;rename_Node_15;rename_Node_1908;1.2142288198249223
Node_472;rename_Node_472;rename_Node_472;rename_Node_2405;1.0985027528052482
Node_1584;rename_Node_1584;rename_Node_1584;rename_Node_1584;0.823497578304277
Node_1180;rename_Node_1180;rename_Node_1180;rename_Node_1125;1.1383381093335363
Node_184;rename_Node_184;rename_Node_184;rename_Node_184;1.08575458393202
Node_1066;rename_Node_1066;rename_Node_1066;rename_Node_2439;1.084859016612051
Node_1718;rename_Node_1718;rename_Node_1718;rename_Node_1718;1.1327979486717252
Node_367;rename_Node_367;rename_Node_367;rename_Node_248;1.1815224883104396
Node_1567;rename_Node_1567;rename_Node_1567;rename_Node_1567;1.0310527788188226
Node_1196;rename_Node_1196;rename_Node_1196;rename_Node_1319;1.0964747245481523
Node_1300;rename_Node_1300;rename_Node_1300;rename_Node_1300;1.0983008997280335
Node_851;rename_Node_851;rename_Node_851;rename_Node_851;1.101860712142994
Node_673;rename_Node_673;rename_Node_673;rename_Node_673;0.8551841734922778
Node_997;rename_Node_997;rename_Node_997;rename_Node_1553;1.0653828320423826
Node_100;rename_Node_100;rename_Node_100;rename_Node_294;1.0431555302959008
Node_1538;rename_Node_1538;rename_Node_1538;rename_Node_1538;0.9814641199371773
Node_2085;rename_Node_2085;rename_Node_2085;rename_Node_2085;1.0772896514681496
Node_399;rename_Node_399;rename_Node_399;rename_Node_399;0.9636209464224336
Node_1981;rename_Node_1981;rename_Node_1981;rename_Node_842;1.067979038263467
Node_1375;rename_Node_1375;rename_Node_1375;rename_Node_1444;1.1002650882803529
Node_1450;rename_Node_1450;rename_Node_1450;rename_Node_1450;1.054571033326406
Node_1505;rename_Node_1505;rename_Node_1505;rename_Node_2461;1.1806550346146394
Node_1570;rename_Node_1570;rename_Node_1570;rename_Node_1570;1.0564156814163204
Node_95;rename_Node_95;rename_Node_95;rename_Node_95;1.0557272772977433
Node_2368;rename_Node_2368;rename_Node_2368;rename_Node_2368;1.048252752529292
Node_1253;rename_Node_1253;rename_Node_1253;rename_Node_1337;1.1174058860192666
Node_708;rename_Node_708;rename_Node_708;rename_Node_708;1.034550689876928
Node_346;rename_Node_346;rename_Node_346;rename_Node_346;0.9981530761863759
Node_2480;rename_Node_2480;rename_Node_2480;rename_Node_351;1.078851136723871
Node_121;rename_Node_121;rename_Node_121;rename_Node_121;1.0277317000189086
Node_864;rename_Node_864;rename_Node_864;rename_Node_864;1.0484882640785784
Node_526;rename_Node_526;rename_Node_526;rename_Node_641;1.1190158681570805
Node_2229;rename_Node_2229;rename_Node_2229;rename_Node_2229;1.1077633297502736
Node_2362;rename_Node_2362;rename_Node_2362;rename_Node_1723;1.142944970653395
Node_1160;rename_Node_1160;rename_Node_1160;rename_Node_1160;1.149997744639437
Node_403;rename_Node_403;rename_Node_403;rename_Node_2136;1.0977593943144208
Node_1765;rename_Node_1765;rename_Node_1765;rename_Node_1350;1.0737079471106468
Node_676;rename_Node_676;rename_Node_676;rename_Node_676;1.0610678609740405
Node_2312;rename_Node_2312;rename_Node_2312;rename_Node_774;1.1657590274905585
Node_1191;rename_Node_1191;rename_Node_1191;rename_Node_91;1.1747933414403884
Node_1347;rename_Node_1347;rename_Node_1347;rename_Node_844;1.0093087275374808
Node_2015;rename_Node_2015;rename_Node_2015;rename_Node_2015;1.088004585317465
Node_700;rename_Node_700;rename_Node_700;rename_Node_1674;1.1355774420553355
Node_16;rename_Node_16;rename_Node_16;rename_Node_16;1.092632045783906
Node_2407;rename_Node_2407;rename_Node_2407;rename_Node_2407;1.0458145370907839
Node_1717;rename_Node_1717;rename_Node_1717;rename_Node_1717;0.8973758830042847
Node_2126;rename_Node_2126;rename_Node_2126;rename_Node_2126;0.9613158125633335
Node_581;rename_Node_581;rename_Node_581;rename_Node_581;0.969039699354832
Node_1544;rename_Node_1544;rename_Node_1544;rename_Node_1544;1.0300373570115522
Node_1719;rename_Node_1719;rename_Node_1719;rename_Node_1719;1.0289681098059136
Node_1186;rename_Node_1186;rename_Node_1186;rename_Node_1186;0.998089875943421
Node_1326;rename_Node_1326;rename_Node_1326;rename_Node_2048;1.0794968717344595
Node_1267;rename_Node_1267;rename_Node_1267;rename_Node_1267;0.9390431836072044
Node_223;rename_Node_223;rename_Node_223;rename_Node_223;1.0985638673885627
Node_2225;rename_Node_2225;rename_Node_2225;rename_Node_764;1.1599974405134315
Node_1035;rename_Node_1035;rename_Node_1035;rename_Node_2129;1.1383509172654176
Node_1100;rename_Node_1100;rename_Node_1100;rename_Node_1100;1.004359898806716
Node_2387;rename_Node_2387;rename_Node_2387;rename_Node_2387;1.1016353191347685
Node_238;rename_Node_238;rename_Node_238;rename_Node_238;1.0860330764533728
Node_2288;rename_Node_2288;rename_Node_2288;rename_Node_2288;1.0545147976261862
Node_1929;rename_Node_1929;rename_Node_1929;rename_Node_1929;1.103007042746735
Node_680;rename_Node_680;rename_Node_680;rename_Node_680;0.8899688113641229
Node_1274;rename_Node_1274;rename_Node_1274;rename_Node_1274;1.1074832137852075
Node_2339;rename_Node_2339;rename_Node_2339;rename_Node_2339;0.9615334507181836
Node_800;rename_Node_800;rename_Node_800;rename_Node_1618;1.0099386251332818
Node_77;rename_Node_77;rename_Node_77;rename_Node_77;1.143738379932753
Node_1420;rename_Node_1420;rename_Node_1420;rename_Node_1420;1.1185955959247722
Node_293;rename_Node_293;rename_Node_293;rename_Node_1832;1.1468122830015366
Node_2045;rename_Node_2045;rename_Node_2045;rename_Node_1560;1.196527565170765
Node_959;rename_Node_959;rename_Node_959;rename_Node_1104;1.1190791152189437
Node_1944;rename_Node_1944;rename_Node_1944;rename_Node_1944;0.8607369191255536
Node_1962;rename_Node_1962;rename_Node_1962;rename_Node_2437;1.156247845218677
Node_1473;rename_Node_1473;rename_Node_1473;rename_Node_1498;1.1606181282839036
Node_1573;rename_Node_1573;rename_Node_1573;rename_Node_1573;1.0920193893820953
Node_2294;rename_Node_2294;rename_Node_2294;rename_Node_251;1.10162075115939
Node_88;rename_Node_88;rename_Node_88;rename_Node_88;1.0989457066292208
Node_1482;rename_Node_1482;rename_Node_1482;rename_Node_1540;1.1029122076698883
Node_717;rename_Node_717;rename_Node_717;rename_Node_717;1.0175876274463547
Node_73;rename_Node_73;rename_Node_73;rename_Node_73;1.0041853439824446
Node_2298;rename_Node_2298;rename_Node_2298;rename_Node_922;1.0931273091570675
Node_1693;rename_Node_1693;rename_Node_1693;rename_Node_1868;1.0925513582348698
Node_2337;rename_Node_2337;rename_Node_2337;rename_Node_2337;0.9342553341314918
Node_663;rename_Node_663;rename_Node_663;rename_Node_663;1.0215875954435294
Node_286;rename_Node_286;rename_Node_286;rename_Node_804;1.1786490222388257
Node_2029;rename_Node_2029;rename_Node_2029;rename_Node_974;1.1729587860529187
Node_118;rename_Node_118;rename_Node_118;rename_Node_118;1.1034767331096018
Node_1044;rename_Node_1044;rename_Node_1044;rename_Node_1876;1.0807376757325853
Node_1047;rename_Node_1047;rename_Node_1047;rename_Node_177;1.1813664286637695
Node_1966;rename_Node_1966;rename_Node_1966;rename_Node_871;1.1666899596060771
Node_2447;rename_Node_2447;rename_Node_2447;rename_Node_2447;1.083453005828308
Node_2171;rename_Node_2171;rename_Node_2171;rename_Node_2105;1.118555533962445
Node_808;rename_Node_808;rename_Node_808;rename_Node_410;1.046652993623388
Node_1710;rename_Node_1710;rename_Node_1710;rename_Node_1710;1.1355282714395345
Node_2461;rename_Node_2461;rename_Node_2461;rename_Node_668;1.1544600603264263
Node_106;rename_Node_106;rename_Node_106;rename_Node_106;1.0607350123930592
Node_2319;rename_Node_2319;rename_Node_2319;rename_Node_777;1.083735705778205
Node_891;rename_Node_891;rename_Node_891;rename_Node_797;1.161705715703513
Node_1197;rename_Node_1197;rename_Node_1197;rename_Node_359;1.113442036267486
Node_161;rename_Node_161;rename_Node_161;rename_Node_161;0.9568411671450929
Node_1961;rename_Node_1961;rename_Node_1961;rename_Node_1961;1.1012304985304089
Node_1720;rename_Node_1720;rename_Node_1720;rename_Node_1072;1.062613701494937
Node_525;rename_Node_525;rename_Node_525;rename_Node_2272;1.0965609741881979
Node_1970;rename_Node_1970;rename_Node_1970;rename_Node_1460;1.1721510964779163
Node_2233;rename_Node_2233;rename_Node_2233;rename_Node_2233;1.0567366120789177
Node_1826;rename_Node_1826;rename_Node_1826;rename_Node_1826;1.060281696349043
Node_1256;rename_Node_1256;rename_Node_1256;rename_Node_264;1.1394086493101043
Node_485;rename_Node_485;rename_Node_485;rename_Node_485;0.9641920890948746
Node_1609;rename_Node_1609;rename_Node_1609;rename_Node_1609;0.9686424034547988
Node_637;rename_Node_637;rename_Node_637;rename_Node_641;1.1048210985053615
Node_1673;rename_Node_1673;rename_Node_1673;rename_Node_1673;0.9641159414817542
Node_612;rename_Node_612;rename_Node_612;rename_Node_612;1.0239971116527036
Node_1503;rename_Node_1503;rename_Node_1503;rename_Node_369;1.145215943972212
Node_1478;rename_Node_1478;rename_Node_1478;rename_Node_1610;1.1318534887257259
Node_244;rename_Node_244;rename_Node_244;rename_Node_244;0.9974533652682
Node_908;rename_Node_908;rename_Node_908;rename_Node_1063;1.0285248938251845
Node_1773;rename_Node_1773;rename_Node_1773;rename_Node_1773;0.9187596495478914
Node_1246;rename_Node_1246;rename_Node_1246;rename_Node_1246;1.0784718758438485
Node_831;rename_Node_831;rename_Node_831;rename_Node_831;1.1019381260066428
Node_424;rename_Node_424;rename_Node_424;rename_Node_505;1.1045855713755366
Node_796;rename_Node_796;rename_Node_796;rename_Node_796;1.0647433308410907
Node_1946;rename_Node_1946;rename_Node_1946;rename_Node_1946;0.9795665765915629
Node_1204;rename_Node_1204;rename_Node_1204;rename_Node_1204;1.0417000922948576
Node_349;rename_Node_349;rename_Node_349;rename_Node_2105;1.1772726900740451
Node_181;rename_Node_181;rename_Node_181;rename_Node_181;0.9918038478456778
Node_2049;rename_Node_2049;rename_Node_2049;rename_Node_2049;1.0485108217482872
Node_1993;rename_Node_1993;rename_Node_1993;rename_Node_1993;1.0069885878643037
Node_54;rename_Node_54;rename_Node_54;rename_Node_477;1.1343932280139097
Node_834;rename_Node_834;rename_Node_834;rename_Node_793;1.0979535074251567
Node_20;rename_Node_20;rename_Node_20;rename_Node_1520;1.155423445208036
Node_479;rename_Node_479;rename_Node_479;rename_Node_479;0.9253985816493008
Node_623;rename_Node_623;rename_Node_623;rename_Node_623;1.0770229187882254
Node_1846;rename_Node_1846;rename_Node_1846;rename_Node_1846;1.0700842523704075
Node_2071;rename_Node_2071;rename_Node_2071;rename_Node_2071;1.0035050416826947
Node_795;rename_Node_795;rename_Node_795;rename_Node_439;0.9862590678551556
Node_1014;rename_Node_1014;rename_Node_1014;rename_Node_1014;0.9146928583767316
Node_254;rename_Node_254;rename_Node_254;rename_Node_254;1.1248724747161172
Node_2449;rename_Node_2449;rename_Node_2449;rename_Node_2252;1.152281965667928
Node_201;rename_Node_201;rename_Node_201;rename_Node_201;1.0263206224786199
Node_2440;rename_Node_2440;rename_Node_2440;rename_Node_2440;1.0795065391495382
Node_1594;rename_Node_1594;rename_Node_1594;rename_Node_1594;1.1740577126692309
Node_489;rename_Node_489;rename_Node_489;rename_Node_489;0.8868932710422253
Node_1726;rename_Node_1726;rename_Node_1726;rename_Node_1726;1.1474746419799233
Node_787;rename_Node_787;rename_Node_787;rename_Node_787;1.1489178540087057
Node_1415;rename_Node_1415;rename_Node_1415;rename_Node_1415;0.9946074892162787
Node_955;rename_Node_955;rename_Node_955;rename_Node_955;1.0847000965389177
Node_1915;rename_Node_1915;rename_Node_1915;rename_Node_989;1.0411505044995382
Node_37;rename_Node_37;rename_Node_37;rename_Node_1805;1.196094529674144
Node_1481;rename_Node_1481;rename_Node_1481;rename_Node_1481;1.032770809599124
Node_1013;rename_Node_1013;rename_Node_1013;rename_Node_559;1.0745875171896218
Node_2476;rename_Node_2476;rename_Node_2476;rename_Node_2476;1.1049809156046375
Node_492;rename_Node_492;rename_Node_492;rename_Node_492;1.0947788529251852
Node_1097;rename_Node_1097;rename_Node_1097;rename_Node_1097;1.0361999998112115
Node_1296;rename_Node_1296;rename_Node_1296;rename_Node_1296;0.927490156627769
Node_1707;rename_Node_1707;rename_Node_1707;rename_Node_1587;0.9963154116275432
Node_1475;rename_Node_1475;rename_Node_1475;rename_Node_1475;1.0785353494913374
Node_617;rename_Node_617;rename_Node_617;rename_Node_617;1.1200556604350143
Node_1038;rename_Node_1038;rename_Node_1038;rename_Node_1038;0.9876781792268955
Node_2432;rename_Node_2432;rename_Node_2432;rename_Node_311;1.156628769397049
Node_1744;rename_Node_1744;rename_Node_1744;rename_Node_1744;1.1017040002967353
Node_2187;rename_Node_2187;rename_Node_2187;rename_Node_164;1.0723119896608868
Node_1555;rename_Node_1555;rename_Node_1555;rename_Node_1555;0.8998417317344962
Node_2274;rename_Node_2274;rename_Node_2274;rename_Node_2274;0.9652218308728858
Node_1476;rename_Node_1476;rename_Node_1476;rename_Node_1476;0.9378743333754876
Node_2350;rename_Node_2350;rename_Node_2350;rename_Node_2350;1.0462426233985895
Node_690;rename_Node_690;rename_Node_690;rename_Node_543;1.114715758791017
Node_1227;rename_Node_1227;rename_Node_1227;rename_Node_1227;0.9937778146532319
Node_2378;rename_Node_2378;rename_Node_2378;rename_Node_750;1.1006384321807665
Node_615;rename_Node_615;rename_Node_615;rename_Node_369;1.1407323484828622
Node_1514;rename_Node_1514;rename_Node_1514;rename_Node_2480;1.0581490808486271
Node_2207;rename_Node_2207;rename_Node_2207;rename_Node_1334;1.0357048847552905
Node_1142;rename_Node_1142;rename_Node_1142;rename_Node_1142;1.0911493935063958
Node_1812;rename_Node_1812;rename_Node_1812;rename_Node_1812;0.9507379641637078
Node_296;rename_Node_296;rename_Node_296;rename_Node_296;1.0410900088358528
Node_1917;rename_Node_1917;rename_Node_1917;rename_Node_974;1.084766148646336
Node_1379;rename_Node_1379;rename_Node_1379;rename_Node_1379;1.1080773941586952
Node_1903;rename_Node_1903;rename_Node_1903;rename_Node_1034;1.169524607003073
Node_1248;rename_Node_1248;rename_Node_1248;rename_Node_1248;1.108001536760062
Node_2053;rename_Node_2053;rename_Node_2053;rename_Node_1903;1.139825965674506
Node_1617;rename_Node_1617;rename_Node_1617;rename_Node_1617;1.0865663552312026
Node_447;rename_Node_447;rename_Node_447;rename_Node_447;1.0726759258140766
Node_1933;rename_Node_1933;rename_Node_1933;rename_Node_495;1.0128179522427845
Node_227;rename_Node_227;rename_Node_227;rename_Node_227;0.9730049833191026
Node_1027;rename_Node_1027;rename_Node_1027;rename_Node_1027;1.0669267368833901
Node_1185;rename_Node_1185;rename_Node_1185;rename_Node_1185;1.1231915917672286
Node_996;rename_Node_996;rename_Node_996;rename_Node_996;1.016037813445005
Node_1086;rename_Node_1086;rename_Node_1086;rename_Node_1086;1.0987013959844747
Node_167;rename_Node_167;rename_Node_167;rename_Node_1573;1.1086068408677552
Node_1099;rename_Node_1099;rename_Node_1099;rename_Node_905;1.1549395734421288
Node_151;rename_Node_151;rename_Node_151;rename_Node_151;1.0485158141338116
Node_397;rename_Node_397;rename_Node_397;rename_Node_397;1.0863022370754207
Node_854;rename_Node_854;rename_Node_854;rename_Node_546;1.1424380967302028
Node_2324;rename_Node_2324;rename_Node_2324;rename_Node_2324;0.9885815254316264
Node_2131;rename_Node_2131;rename_Node_2131;rename_Node_2131;1.1142305861759845
Node_1633;rename_Node_1633;rename_Node_1633;rename_Node_1633;1.0640796061516855
Node_169;rename_Node_169;rename_Node_169;rename_Node_2145;1.1735695886065851
Node_2097;rename_Node_2097;rename_Node_2097;rename_Node_2097;1.1112362319416875
Node_1702;rename_Node_1702;rename_Node_1702;rename_Node_2441;1.1549216311047534
Node_1112;rename_Node_1112;rename_Node_1112;rename_Node_321;1.1336275414300936
Node_1588;rename_Node_1588;rename_Node_1588;rename_Node_1653;1.112229345087826
Node_1630;rename_Node_1630;rename_Node_1630;rename_Node_1630;1.1064512504444957
Node_1298;rename_Node_1298;rename_Node_1298;rename_Node_1298;1.0849648938796677
Node_2011;rename_Node_2011;rename_Node_2011;rename_Node_2011;1.0508437026346316
Node_878;rename_Node_878;rename_Node_878;rename_Node_826;1.1068603836190214
Node_546;rename_Node_546;rename_Node_546;rename_Node_546;1.0622172405740915
Node_190;rename_Node_190;rename_Node_190;rename_Node_190;1.065067774190974
Node_1259;rename_Node_1259;rename_Node_1259;rename_Node_1259;1.0025955819843966
Node_1530;rename_Node_1530;rename_Node_1530;rename_Node_1530;1.012999660634595
Node_1439;rename_Node_1439;rename_Node_1439;rename_Node_2024;1.09522255394789
Node_1370;rename_Node_1370;rename_Node_1370;rename_Node_962;1.1014534010808439
Node_2044;rename_Node_2044;rename_Node_2044;rename_Node_2044;1.071489821387321
Node_910;rename_Node_910;rename_Node_910;rename_Node_249;1.1233536350829565
Node_376;rename_Node_376;rename_Node_376;rename_Node_376;1.0516028687754564
Node_2431;rename_Node_2431;rename_Node_2431;rename_Node_2431;1.1196202364307832
Node_753;rename_Node_753;rename_Node_753;rename_Node_753;1.0482169925024516
Node_1738;rename_Node_1738;rename_Node_1738;rename_Node_1738;1.1024327497549757
Node_733;rename_Node_733;rename_Node_733;rename_Node_733;1.085835211635509
Node_1176;rename_Node_1176;rename_Node_1176;rename_Node_1176;1.1266838409933444
Node_132;rename_Node_132;rename_Node_132;rename_Node_132;0.951226039346913
Node_1436;rename_Node_1436;rename_Node_1436;rename_Node_278;1.1321411655745834
Node_1076;rename_Node_1076;rename_Node_1076;rename_Node_1076;1.0783544545459038
Node_861;rename_Node_861;rename_Node_861;rename_Node_976;1.1297952160970302
Node_315;rename_Node_315;rename_Node_315;rename_Node_453;1.0409449556936088
Node_1095;rename_Node_1095;rename_Node_1095;rename_Node_954;1.089534857314127
Node_1360;rename_Node_1360;rename_Node_1360;rename_Node_1360;1.0702013897171876
Node_1398;rename_Node_1398;rename_Node_1398;rename_Node_1398;0.9155468588770056
Node_2108;rename_Node_2108;rename_Node_2108;rename_Node_2108;1.1970795176989173
Node_49;rename_Node_49;rename_Node_49;rename_Node_449;1.0779320422821703
Node_135;rename_Node_135;rename_Node_135;rename_Node_1100;1.1382278580658922
Node_644;rename_Node_644;rename_Node_644;rename_Node_914;1.1156974694309927
Node_1675;rename_Node_1675;rename_Node_1675;rename_Node_1138;0.9855617015233256
Node_1795;rename_Node_1795;rename_Node_1795;rename_Node_1571;1.118040075427009
Node_1892;rename_Node_1892;rename_Node_1892;rename_Node_154;1.118452004393627
Node_783;rename_Node_783;rename_Node_783;rename_Node_64;1.0282560299329633
Node_1615;rename_Node_1615;rename_Node_1615;rename_Node_1615;1.002396784093456
Node_115;rename_Node_115;rename_Node_115;rename_Node_115;0.8481192930801051
Node_552;rename_Node_552;rename_Node_552;rename_Node_1064;1.0253522545896525
Node_1223;rename_Node_1223;rename_Node_1223;rename_Node_1223;0.940476047709713
Node_2499;rename_Node_2499;rename_Node_2499;rename_Node_1302;0.8876100201242286
Node_2099;rename_Node_2099;rename_Node_2099;rename_Node_1878;1.1600020978557906
Node_1616;rename_Node_1616;rename_Node_1616;rename_Node_1616;1.0763787286196234
Node_1875;rename_Node_1875;rename_Node_1875;rename_Node_180;1.1309037259420314
Node_1401;rename_Node_1401;rename_Node_1401;rename_Node_839;1.1304649083700986
Node_917;rename_Node_917;rename_Node_917;rename_Node_917;0.9607470932697209
Node_1328;rename_Node_1328;rename_Node_1328;rename_Node_493;1.0817965688221842
Node_958;rename_Node_958;rename_Node_958;rename_Node_316;1.1143992859758425
Node_1731;rename_Node_1731;rename_Node_1731;rename_Node_2013;1.1867325732837748
Node_876;rename_Node_876;rename_Node_876;rename_Node_876;0.9999852175530412
Node_1337;rename_Node_1337;rename_Node_1337;rename_Node_1337;1.0379643543256831
Node_451;rename_Node_451;rename_Node_451;rename_Node_451;1.0898757668100374
Node_2295;rename_Node_2295;rename_Node_2295;rename_Node_2295;1.1123400682199904
Node_779;rename_Node_779;rename_Node_779;rename_Node_1553;1.0804030579847133
Node_2283;rename_Node_2283;rename_Node_2283;rename_Node_2283;1.0060488273111485
Node_1496;rename_Node_1496;rename_Node_1496;rename_Node_1496;1.060021876633076
Node_1916;rename_Node_1916;rename_Node_1916;rename_Node_1916;0.9477996620964907
Node_137;rename_Node_137;rename_Node_137;rename_Node_1523;1.05144979235892
Node_2050;rename_Node_2050;rename_Node_2050;rename_Node_2050;0.930324782337573
Node_2113;rename_Node_2113;rename_Node_2113;rename_Node_2113;1.037972890455617
Node_196;rename_Node_196;rename_Node_196;rename_Node_1852;1.1330558428793773
Node_1937;rename_Node_1937;rename_Node_1937;rename_Node_2124;1.1696914680045827
Node_1842;rename_Node_1842;rename_Node_1842;rename_Node_1842;1.036690161075536
Node_216;rename_Node_216;rename_Node_216;rename_Node_347;1.1179670486262998
Node_858;rename_Node_858;rename_Node_858;rename_Node_1220;1.1191322091501086
Node_969;rename_Node_969;rename_Node_969;rename_Node_969;0.9129087728055759
Node_2164;rename_Node_2164;rename_Node_2164;rename_Node_2164;1.0458764325459544
Node_232;rename_Node_232;rename_Node_232;rename_Node_668;1.0398371088822274
Node_1968;rename_Node_1968;rename_Node_1968;rename_Node_1968;1.1411581863417566
Node_10;rename_Node_10;rename_Node_10;rename_Node_10;1.0605032763690203
Node_1750;rename_Node_1750;rename_Node_1750;rename_Node_1750;1.0353260108220224
Node_846;rename_Node_846;rename_Node_846;rename_Node_846;1.1229524845677918
Node_1680;rename_Node_1680;rename_Node_1680;rename_Node_44;1.113538920166838
Node_2002;rename_Node_2002;rename_Node_2002;rename_Node_116;1.075524026361972
Node_901;rename_Node_901;rename_Node_901;rename_Node_901;0.9452011448730616
Node_2282;rename_Node_2282;rename_Node_2282;rename_Node_2020;1.1149692918861247
Node_2144;rename_Node_2144;rename_Node_2144;rename_Node_1336;1.0887234967818462
Node_2413;rename_Node_2413;rename_Node_2413;rename_Node_2413;1.1252467641304522
Node_1935;rename_Node_1935;rename_Node_1935;rename_Node_1710;1.1231767944834583
Node_1427;rename_Node_1427;rename_Node_1427;rename_Node_1427;0.9866429829081877
Node_1483;rename_Node_1483;rename_Node_1483;rename_Node_1483;1.0093624654616278
Node_707;rename_Node_707;rename_Node_707;rename_Node_707;1.0180347171918067
Node_719;rename_Node_719;rename_Node_719;rename_Node_719;1.0472325547038361
Node_2317;rename_Node_2317;rename_Node_2317;rename_Node_1707;1.1269118670949503
Node_150;rename_Node_150;rename_Node_150;rename_Node_1659;1.0258279931924386
Node_128;rename_Node_128;rename_Node_128;rename_Node_128;0.9961393984148946
Node_1078;rename_Node_1078;rename_Node_1078;rename_Node_1811;1.0499180564242971
Node_1366;rename_Node_1366;rename_Node_1366;rename_Node_1459;1.1661538364445638
Node_948;rename_Node_948;rename_Node_948;rename_Node_2497;1.1733759846090384
Node_913;rename_Node_913;rename_Node_913;rename_Node_1169;0.9786197546601442
Node_474;rename_Node_474;rename_Node_474;rename_Node_474;1.1004710682765775
Node_1890;rename_Node_1890;rename_Node_1890;rename_Node_1890;1.082678629890614
Node_2023;rename_Node_2023;rename_Node_2023;rename_Node_2023;0.9487832716056597
Node_1908;rename_Node_1908;rename_Node_1908;rename_Node_1908;1.0677282157827703
Node_384;rename_Node_384;rename_Node_384;rename_Node_384;1.0755719420604677
Node_1357;rename_Node_1357;rename_Node_1357;rename_Node_1082;1.0233978107072483
Node_2216;rename_Node_2216;rename_Node_2216;rename_Node_2216;0.9692737571577851
Node_2412;rename_Node_2412;rename_Node_2412;rename_Node_1861;0.9928266295679895
Node_1559;rename_Node_1559;rename_Node_1559;rename_Node_1559;1.0468855874317706
Node_1084;rename_Node_1084;rename_Node_1084;rename_Node_1084;1.1045879338853777
Node_1859;rename_Node_1859;rename_Node_1859;rename_Node_1859;1.0623869354607616
Node_192;rename_Node_192;rename_Node_192;rename_Node_2413;1.1603507638774793
Node_1649;rename_Node_1649;rename_Node_1649;rename_Node_1649;1.1152993838239198
Node_1356;rename_Node_1356;rename_Node_1356;rename_Node_1356;0.9737851582347984
Node_138;rename_Node_138;rename_Node_138;rename_Node_138;1.012920604029833
Node_1138;rename_Node_1138;rename_Node_1138;rename_Node_1138;1.0817119598749665
Node_2469;rename_Node_2469;rename_Node_2469;rename_Node_2469;1.1230014532098294
Node_183;rename_Node_183;rename_Node_183;rename_Node_183;0.9625897869939881
Node_1122;rename_Node_1122;rename_Node_1122;rename_Node_1965;1.0743292936038316
Node_2189;rename_Node_2189;rename_Node_2189;rename_Node_2189;1.104348904570774
Node_1831;rename_Node_1831;rename_Node_1831;rename_Node_1831;1.1678370543975432
Node_155;rename_Node_155;rename_Node_155;rename_Node_155;0.893425127126916
Node_1430;rename_Node_1430;rename_Node_1430;rename_Node_1268;1.1266420967480772
Node_1291;rename_Node_1291;rename_Node_1291;rename_Node_1291;0.9556480399365832
Node_1447;rename_Node_1447;rename_Node_1447;rename_Node_1447;1.0490608627235576
Node_1816;rename_Node_1816;rename_Node_1816;rename_Node_1132;1.1758789095325197
Node_696;rename_Node_696;rename_Node_696;rename_Node_696;1.0605037503486827
Node_1442;rename_Node_1442;rename_Node_1442;rename_Node_1321;1.0112660162397333
Node_1592;rename_Node_1592;rename_Node_1592;rename_Node_2040;1.1962484400896807
Node_1479;rename_Node_1479;rename_Node_1479;rename_Node_1479;1.0283360145217342
Node_1405;rename_Node_1405;rename_Node_1405;rename_Node_1405;1.0001123833112475
Node_1984;rename_Node_1984;rename_Node_1984;rename_Node_1984;0.9241040925460762
Node_270;rename_Node_270;rename_Node_270;rename_Node_593;1.130453398912759
Node_337;rename_Node_337;rename_Node_337;rename_Node_337;0.9963049327624368
Node_2228;rename_Node_2228;rename_Node_2228;rename_Node_579;1.0544641684795895
Node_12;rename_Node_12;rename_Node_12;rename_Node_12;1.0097615736074745
Node_608;rename_Node_608;rename_Node_608;rename_Node_608;1.0661795585368217
Node_1129;rename_Node_1129;rename_Node_1129;rename_Node_1710;1.0995351554033952
Node_895;rename_Node_895;rename_Node_895;rename_Node_895;1.0486110473136832
Node_2398;rename_Node_2398;rename_Node_2398;rename_Node_358;1.1480119051636861
Node_87;rename_Node_87;rename_Node_87;rename_Node_1016;1.097142952672962
Node_6;rename_Node_6;rename_Node_6;rename_Node_6;1.1156156640157286
Node_1676;rename_Node_1676;rename_Node_1676;rename_Node_1676;1.0890811677326122
Node_1489;rename_Node_1489;rename_Node_1489;rename_Node_1617;1.1222316017606515
Node_2241;rename_Node_2241;rename_Node_2241;rename_Node_2241;1.04035924608385
Node_486;rename_Node_486;rename_Node_486;rename_Node_2338;1.151759954284924
Node_943;rename_Node_943;rename_Node_943;rename_Node_1626;1.0932117438130164
Node_1023;rename_Node_1023;rename_Node_1023;rename_Node_1023;1.0848741736548049
Node_907;rename_Node_907;rename_Node_907;rename_Node_586;1.1672521061922012
Node_903;rename_Node_903;rename_Node_903;rename_Node_1006;1.1380907007269887
Node_153;rename_Node_153;rename_Node_153;rename_Node_153;1.0850554213529116
Node_745;rename_Node_745;rename_Node_745;rename_Node_2087;1.166779817093556
Node_1034;rename_Node_1034;rename_Node_1034;rename_Node_1034;1.0711582124430037
Node_2263;rename_Node_2263;rename_Node_2263;rename_Node_2411;1.1276638237001722
Node_1162;rename_Node_1162;rename_Node_1162;rename_Node_1162;1.1159807254553673
Node_2419;rename_Node_2419;rename_Node_2419;rename_Node_2419;1.0439247689102522
Node_689;rename_Node_689;rename_Node_689;rename_Node_2190;1.1561464960672203
Node_1264;rename_Node_1264;rename_Node_1264;rename_Node_1264;1.0807680230837613
Node_1039;rename_Node_1039;rename_Node_1039;rename_Node_872;1.1557737821298553
Node_2042;rename_Node_2042;rename_Node_2042;rename_Node_2042;1.0929899018903553
Node_575;rename_Node_575;rename_Node_575;rename_Node_2472;1.1414579200858672
Node_1582;rename_Node_1582;rename_Node_1582;rename_Node_1582;1.1477352101077973
Node_1115;rename_Node_1115;rename_Node_1115;rename_Node_1115;1.0716380356417692
Node_1249;rename_Node_1249;rename_Node_1249;rename_Node_1249;1.061317008487517
Node_271;rename_Node_271;rename_Node_271;rename_Node_683;1.023523832058822
Node_1872;rename_Node_1872;rename_Node_1872;rename_Node_1872;1.1860441496288234
Node_1385;rename_Node_1385;rename_Node_1385;rename_Node_1385;0.9163352365058723
Node_744;rename_Node_744;rename_Node_744;rename_Node_1667;1.1287355786221351
Node_1393;rename_Node_1393;rename_Node_1393;rename_Node_1748;1.0995209615021952
Node_2058;rename_Node_2058;rename_Node_2058;rename_Node_1096;1.0916941901097494
Node_650;rename_Node_650;rename_Node_650;rename_Node_650;1.1422992969614814
Node_1931;rename_Node_1931;rename_Node_1931;rename_Node_636;1.1592989881586042
Node_1189;rename_Node_1189;rename_Node_1189;rename_Node_479;1.1330262990826365
Node_1212;rename_Node_1212;rename_Node_1212;rename_Node_1212;1.0458385659180045
Node_2399;rename_Node_2399;rename_Node_2399;rename_Node_2399;1.011191676129392
Node_109;rename_Node_109;rename_Node_109;rename_Node_2186;1.0366434732109453
Node_255;rename_Node_255;rename_Node_255;rename_Node_2367;1.0754558287635363
Node_377;rename_Node_377;rename_Node_377;rename_Node_1026;1.0698086511038678
Node_806;rename_Node_806;rename_Node_806;rename_Node_806;1.0435488103738957
Node_466;rename_Node_466;rename_Node_466;rename_Node_959;1.132503100745705
Node_1524;rename_Node_1524;rename_Node_1524;rename_Node_1524;0.9048730560070793
Node_144;rename_Node_144;rename_Node_144;rename_Node_144;0.8744335992654142
Node_2443;rename_Node_2443;rename_Node_2443;rename_Node_2443;0.9115825455246388
Node_1361;rename_Node_1361;rename_Node_1361;rename_Node_720;1.11436620503581
Node_2342;rename_Node_2342;rename_Node_2342;rename_Node_2342;1.1102731530182555
Node_1201;rename_Node_1201;rename_Node_1201;rename_Node_1201;1.0781519435960225
Node_105;rename_Node_105;rename_Node_105;rename_Node_2037;1.0845283579772989
Node_500;rename_Node_500;rename_Node_500;rename_Node_500;1.0425139312055094
Node_1429;rename_Node_1429;rename_Node_1429;rename_Node_594;1.1121332736549692
Node_1703;rename_Node_1703;rename_Node_1703;rename_Node_2454;1.057478156175755
Node_2153;rename_Node_2153;rename_Node_2153;rename_Node_2153;1.0285885620701676
Node_2136;rename_Node_2136;rename_Node_2136;rename_Node_2136;1.072324234087176
Node_339;rename_Node_339;rename_Node_339;rename_Node_168;1.1926489448884543
Node_107;rename_Node_107;rename_Node_107;rename_Node_101;1.1323317845116572
Node_1554;rename_Node_1554;rename_Node_1554;rename_Node_1554;0.8957718135553323
Node_1490;rename_Node_1490;rename_Node_1490;rename_Node_1521;1.1235329032087713
Node_768;rename_Node_768;rename_Node_768;rename_Node_1489;1.013056084003746
Node_1418;rename_Node_1418;rename_Node_1418;rename_Node_1418;1.1481738718257415
Node_357;rename_Node_357;rename_Node_357;rename_Node_357;1.1497740072426648
Node_83;rename_Node_83;rename_Node_83;rename_Node_801;1.1706390958176336
Node_1293;rename_Node_1293;rename_Node_1293;rename_Node_2374;1.0821754141942148
Node_307;rename_Node_307;rename_Node_307;rename_Node_920;1.0804071470284546
Node_2389;rename_Node_2389;rename_Node_2389;rename_Node_1722;1.014546837842189
Node_1551;rename_Node_1551;rename_Node_1551;rename_Node_1551;0.8951116685087295
Node_2101;rename_Node_2101;rename_Node_2101;rename_Node_808;1.1194272175798554
Node_1817;rename_Node_1817;rename_Node_1817;rename_Node_1533;1.0621070038268425
Node_152;rename_Node_152;rename_Node_152;rename_Node_152;1.0868356044932397
Node_888;rename_Node_888;rename_Node_888;rename_Node_888;0.9230134831307832
Node_579;rename_Node_579;rename_Node_579;rename_Node_679;1.142470170357524
Node_928;rename_Node_928;rename_Node_928;rename_Node_928;1.1516211273281873
Node_2483;rename_Node_2483;rename_Node_2483;rename_Node_2483;1.0592151040883941
Node_378;rename_Node_378;rename_Node_378;rename_Node_2357;1.143687582483672
Node_322;rename_Node_322;rename_Node_322;rename_Node_1883;1.0896700178160341
Node_1137;rename_Node_1137;rename_Node_1137;rename_Node_1246;1.165767193624593
Node_300;rename_Node_300;rename_Node_300;rename_Node_300;1.026518511066844
Node_1299;rename_Node_1299;rename_Node_1299;rename_Node_1299;0.9390090964127907
Node_1316;rename_Node_1316;rename_Node_1316;rename_Node_2080;1.0799851779199354
Node_2370;rename_Node_2370;rename_Node_2370;rename_Node_1770;1.05720255277251
Node_1595;rename_Node_1595;rename_Node_1595;rename_Node_1595;0.8817002536703021
Node_1134;rename_Node_1134;rename_Node_1134;rename_Node_62;1.071679492220781
Node_1272;rename_Node_1272;rename_Node_1272;rename_Node_2445;1.19399434551376
Node_1243;rename_Node_1243;rename_Node_1243;rename_Node_1243;1.0219692724756424
Node_1268;rename_Node_1268;rename_Node_1268;rename_Node_1268;1.005859656093666
Node_1829;rename_Node_1829;rename_Node_1829;rename_Node_1270;1.1757406409227444
Node_2180;rename_Node_2180;rename_Node_2180;rename_Node_2180;1.0425762323918406
Node_848;rename_Node_848;rename_Node_848;rename_Node_1524;1.1890890199664066
Node_340;rename_Node_340;rename_Node_340;rename_Node_2256;1.1046734694466418
Node_2494;rename_Node_2494;rename_Node_2494;rename_Node_2494;1.1069235657198158
Node_122;rename_Node_122;rename_Node_122;rename_Node_122;0.9478328274160628
Node_1526;rename_Node_1526;rename_Node_1526;rename_Node_1708;1.0700623776203035
Node_2338;rename_Node_2338;rename_Node_2338;rename_Node_1386;1.1466259237008178
Node_30;rename_Node_30;rename_Node_30;rename_Node_788;1.1117658819563643
Node_372;rename_Node_372;rename_Node_372;rename_Node_372;0.9931242463758377
Node_1313;rename_Node_1313;rename_Node_1313;rename_Node_1313;0.9837369966698994
Node_2156;rename_Node_2156;rename_Node_2156;rename_Node_1009;1.1837815421775228
Node_1991;rename_Node_1991;rename_Node_1991;rename_Node_1605;1.1423934794761375
Node_1341;rename_Node_1341;rename_Node_1341;rename_Node_1341;1.0827610001227306
Node_1810;rename_Node_1810;rename_Node_1810;rename_Node_1810;0.944563256866272
Node_794;rename_Node_794;rename_Node_794;rename_Node_794;1.0501527885861672
Node_1809;rename_Node_1809;rename_Node_1809;rename_Node_493;1.1269259166589696
Node_478;rename_Node_478;rename_Node_478;rename_Node_478;0.9346231493288355
Node_44;rename_Node_44;rename_Node_44;rename_Node_44;1.0906105523533658
Node_1477;rename_Node_1477;rename_Node_1477;rename_Node_1477;1.0445652539164172
Node_2473;rename_Node_2473;rename_Node_2473;rename_Node_2473;1.1069160975447165
Node_1257;rename_Node_1257;rename_Node_1257;rename_Node_966;1.1630548419202547
Node_1164;rename_Node_1164;rename_Node_1164;rename_Node_1375;1.157028489129321
Node_574;rename_Node_574;rename_Node_574;rename_Node_574;1.1386801012398264
Node_2281;rename_Node_2281;rename_Node_2281;rename_Node_2281;1.060525059805238
Node_1073;rename_Node_1073;rename_Node_1073;rename_Node_1073;1.1061320645305424
Node_246;rename_Node_246;rename_Node_246;rename_Node_1911;1.0747114569192424
Node_13;rename_Node_13;rename_Node_13;rename_Node_13;1.01915178468198
Node_1620;rename_Node_1620;rename_Node_1620;rename_Node_1620;1.1395186379018118
Node_1210;rename_Node_1210;rename_Node_1210;rename_Node_1210;1.0891159859701454
Node_519;rename_Node_519;rename_Node_519;rename_Node_802;1.070024207696681
Node_1627;rename_Node_1627;rename_Node_1627;rename_Node_2486;1.1220862717741689
Node_2351;rename_Node_2351;rename_Node_2351;rename_Node_2351;0.9063115634521749
Node_2251;rename_Node_2251;rename_Node_2251;rename_Node_2251;0.9307209954510751
Node_1280;rename_Node_1280;rename_Node_1280;rename_Node_1280;1.0872215464658177
Node_1311;rename_Node_1311;rename_Node_1311;rename_Node_613;1.0882829453148395
Node_465;rename_Node_465;rename_Node_465;rename_Node_69;1.153544587453457
Node_527;rename_Node_527;rename_Node_527;rename_Node_527;1.056304442138561
Node_1668;rename_Node_1668;rename_Node_1668;rename_Node_1360;1.0463387380691629
Node_295;rename_Node_295;rename_Node_295;rename_Node_1916;1.1760287314634965
Node_914;rename_Node_914;rename_Node_914;rename_Node_914;1.0557827480733133
Node_1169;rename_Node_1169;rename_Node_1169;rename_Node_1169;0.9683965375326652
Node_2250;rename_Node_2250;rename_Node_2250;rename_Node_2250;1.0144414066009693
Node_1610;rename_Node_1610;rename_Node_1610;rename_Node_1610;1.0677110327179922
Node_2198;rename_Node_2198;rename_Node_2198;rename_Node_2198;1.0336414496187891
Node_1808;rename_Node_1808;rename_Node_1808;rename_Node_621;1.085501098306335
Node_1425;rename_Node_1425;rename_Node_1425;rename_Node_1425;0.8455291591420985
Node_1454;rename_Node_1454;rename_Node_1454;rename_Node_1454;1.0239864198508553
Node_460;rename_Node_460;rename_Node_460;rename_Node_460;0.9858496005854843
Node_459;rename_Node_459;rename_Node_459;rename_Node_459;1.043678609232672
Node_1670;rename_Node_1670;rename_Node_1670;rename_Node_1153;1.1258874865307593
Node_354;rename_Node_354;rename_Node_354;rename_Node_354;1.1446601923600115
Node_1279;rename_Node_1279;rename_Node_1279;rename_Node_2135;1.0471934211559726
Node_2009;rename_Node_2009;rename_Node_2009;rename_Node_1729;1.155617643491143
Node_1242;rename_Node_1242;rename_Node_1242;rename_Node_1242;1.0949786135645416
Node_1608;rename_Node_1608;rename_Node_1608;rename_Node_1225;1.140903165822416
Node_2230;rename_Node_2230;rename_Node_2230;rename_Node_2230;1.0696704119900957
Node_541;rename_Node_541;rename_Node_541;rename_Node_541;0.9191327537823982
Node_1754;rename_Node_1754;rename_Node_1754;rename_Node_1754;1.015240233657448
Node_1938;rename_Node_1938;rename_Node_1938;rename_Node_1938;0.8665630502132086
Node_1170;rename_Node_1170;rename_Node_1170;rename_Node_2145;1.145501065329128
Node_193;rename_Node_193;rename_Node_193;rename_Node_573;1.169759058052249
Node_520;rename_Node_520;rename_Node_520;rename_Node_520;1.0612930448393643
Node_2465;rename_Node_2465;rename_Node_2465;rename_Node_2465;0.9900038549423584
Node_1484;rename_Node_1484;rename_Node_1484;rename_Node_1484;1.0175727564165484
Node_1746;rename_Node_1746;rename_Node_1746;rename_Node_306;1.1831845196614275
Node_199;rename_Node_199;rename_Node_199;rename_Node_199;0.9719616441044415
Node_1509;rename_Node_1509;rename_Node_1509;rename_Node_2454;1.0321654039052042
Node_2253;rename_Node_2253;rename_Node_2253;rename_Node_875;1.1504408892201163
Node_2343;rename_Node_2343;rename_Node_2343;rename_Node_505;1.1526667893454297
Node_573;rename_Node_573;rename_Node_573;rename_Node_214;1.191890999574754
Node_728;rename_Node_728;rename_Node_728;rename_Node_1341;1.1275275426191824
Node_1290;rename_Node_1290;rename_Node_1290;rename_Node_468;1.172392572776029
Node_2451;rename_Node_2451;rename_Node_2451;rename_Node_1713;1.121201715940623
Node_811;rename_Node_811;rename_Node_811;rename_Node_112;1.1766469671509203
Node_62;rename_Node_62;rename_Node_62;rename_Node_62;0.9895258727394536
Node_251;rename_Node_251;rename_Node_251;rename_Node_251;1.0981940328824231
Node_2162;rename_Node_2162;rename_Node_2162;rename_Node_2162;1.0238391622156082
Node_537;rename_Node_537;rename_Node_537;rename_Node_537;1.0528584707657112
Node_1902;rename_Node_1902;rename_Node_1902;rename_Node_1981;1.0246939095014729
Node_1677;rename_Node_1677;rename_Node_1677;rename_Node_1499;1.1083499093025753
Node_871;rename_Node_871;rename_Node_871;rename_Node_871;1.0037900901318157
Node_1407;rename_Node_1407;rename_Node_1407;rename_Node_1880;1.1022747994326836
Node_1563;rename_Node_1563;rename_Node_1563;rename_Node_1563;1.1479120097205449
Node_411;rename_Node_411;rename_Node_411;rename_Node_411;0.947809627737043
Node_1238;rename_Node_1238;rename_Node_1238;rename_Node_780;1.1363754261597638
Node_445;rename_Node_445;rename_Node_445;rename_Node_445;1.1084467304938113
Node_1897;rename_Node_1897;rename_Node_1897;rename_Node_1897;1.0448075431982862
Node_2466;rename_Node_2466;rename_Node_2466;rename_Node_2466;1.0827268870067828
Node_1883;rename_Node_1883;rename_Node_1883;rename_Node_1883;0.9959431000555167
Node_1193;rename_Node_1193;rename_Node_1193;rename_Node_1252;1.0802472740577398
Node_477;rename_Node_477;rename_Node_477;rename_Node_477;0.9111308347620183
Node_822;rename_Node_822;rename_Node_822;rename_Node_1585;1.0427514656203472
Node_1748;rename_Node_1748;rename_Node_1748;rename_Node_1748;1.088372404649686
Node_1128;rename_Node_1128;rename_Node_1128;rename_Node_2357;1.1067532127818605
Node_1147;rename_Node_1147;rename_Node_1147;rename_Node_1147;1.0551802910977501
Node_2426;rename_Node_2426;rename_Node_2426;rename_Node_1029;1.0646215061723026
Node_1671;rename_Node_1671;rename_Node_1671;rename_Node_461;1.1237188348799818
Node_639;rename_Node_639;rename_Node_639;rename_Node_351;1.1210630039278071
Node_283;rename_Node_283;rename_Node_283;rename_Node_1024;1.1492085375346208
Node_1606;rename_Node_1606;rename_Node_1606;rename_Node_1606;1.0805794420982615
Node_656;rename_Node_656;rename_Node_656;rename_Node_164;1.1395793077659173
Node_2292;rename_Node_2292;rename_Node_2292;rename_Node_1403;1.032836363099254
Node_1752;rename_Node_1752;rename_Node_1752;rename_Node_1752;1.09540899252479
Node_1093;rename_Node_1093;rename_Node_1093;rename_Node_1093;1.1824812058335652
Node_1132;rename_Node_1132;rename_Node_1132;rename_Node_1132;1.0186154300768564
Node_1844;rename_Node_1844;rename_Node_1844;rename_Node_1844;1.1400764044374312
Node_2243;rename_Node_2243;rename_Node_2243;rename_Node_2243;1.0805178571983307
Node_2361;rename_Node_2361;rename_Node_2361;rename_Node_2361;1.1640814395591357
Node_2142;rename_Node_2142;rename_Node_2142;rename_Node_2142;1.0680747328370785
Node_991;rename_Node_991;rename_Node_991;rename_Node_991;1.1110398318989319
Node_1950;rename_Node_1950;rename_Node_1950;rename_Node_1950;1.076821718361673
Node_1655;rename_Node_1655;rename_Node_1655;rename_Node_1596;1.227429124850675
Node_218;rename_Node_218;rename_Node_218;rename_Node_1672;1.116552383856689
Node_515;rename_Node_515;rename_Node_515;rename_Node_515;1.0168513407032838
Node_2474;rename_Node_2474;rename_Node_2474;rename_Node_2474;1.0189099107213164
Node_701;rename_Node_701;rename_Node_701;rename_Node_518;1.086874214870992
Node_799;rename_Node_799;rename_Node_799;rename_Node_799;1.040207711791119
Node_1969;rename_Node_1969;rename_Node_1969;rename_Node_1969;1.063522083705583
Node_953;rename_Node_953;rename_Node_953;rename_Node_953;1.0855282323173567
Node_1964;rename_Node_1964;rename_Node_1964;rename_Node_2023;1.1063426657361854
Node_1297;rename_Node_1297;rename_Node_1297;rename_Node_1759;1.1043521661876015
Node_2347;rename_Node_2347;rename_Node_2347;rename_Node_2347;1.0982272521812433
Node_124;rename_Node_124;rename_Node_124;rename_Node_391;1.0859382698189137
Node_2184;rename_Node_2184;rename_Node_2184;rename_Node_2184;1.1444999140921255
Node_927;rename_Node_927;rename_Node_927;rename_Node_927;0.9608066449438328
Node_1866;rename_Node_1866;rename_Node_1866;rename_Node_172;1.162127504648309
Node_817;rename_Node_817;rename_Node_817;rename_Node_817;0.9436073233429061
Node_1457;rename_Node_1457;rename_Node_1457;rename_Node_1457;1.0258408835705122
Node_440;rename_Node_440;rename_Node_440;rename_Node_440;0.9985040016984948
Node_1422;rename_Node_1422;rename_Node_1422;rename_Node_1422;1.011838181614764
Node_2205;rename_Node_2205;rename_Node_2205;rename_Node_2205;1.010972469842795
Node_2240;rename_Node_2240;rename_Node_2240;rename_Node_2240;1.099382205375401
Node_416;rename_Node_416;rename_Node_416;rename_Node_1003;1.1067010438082783
Node_983;rename_Node_983;rename_Node_983;rename_Node_983;1.104934484129905
Node_1424;rename_Node_1424;rename_Node_1424;rename_Node_2014;1.099423111226476
Node_1801;rename_Node_1801;rename_Node_1801;rename_Node_1801;0.8560276851153553
Node_724;rename_Node_724;rename_Node_724;rename_Node_724;0.9834784893472832
Node_256;rename_Node_256;rename_Node_256;rename_Node_1374;1.0142909408324032
Node_2477;rename_Node_2477;rename_Node_2477;rename_Node_204;1.117898714606982
Node_233;rename_Node_233;rename_Node_233;rename_Node_233;0.9977911591395492
Node_1069;rename_Node_1069;rename_Node_1069;rename_Node_2395;1.0850594842263563
Node_1040;rename_Node_1040;rename_Node_1040;rename_Node_991;1.1615672585455057
Node_1043;rename_Node_1043;rename_Node_1043;rename_Node_1043;0.918890216838198
Node_1708;rename_Node_1708;rename_Node_1708;rename_Node_1708;0.952406039498359
Node_2450;rename_Node_2450;rename_Node_2450;rename_Node_2450;1.003399981500727
Node_1922;rename_Node_1922;rename_Node_1922;rename_Node_1922;1.1465942699660872
Node_1581;rename_Node_1581;rename_Node_1581;rename_Node_1643;1.121766190283601
Node_731;rename_Node_731;rename_Node_731;rename_Node_1615;1.0763933670134507
Node_2074;rename_Node_2074;rename_Node_2074;rename_Node_2074;1.0170858393407005
Node_2265;rename_Node_2265;rename_Node_2265;rename_Node_2265;1.0797496582489685
Node_2076;rename_Node_2076;rename_Node_2076;rename_Node_2076;1.0808711939473001
Node_1560;rename_Node_1560;rename_Node_1560;rename_Node_1933;1.1349210670508803
Node_588;rename_Node_588;rename_Node_588;rename_Node_559;1.067726175680817
Node_1705;rename_Node_1705;rename_Node_1705;rename_Node_1705;0.895536079720471
Node_1380;rename_Node_1380;rename_Node_1380;rename_Node_1380;1.0777127664593547
Node_282;rename_Node_282;rename_Node_282;rename_Node_282;1.024092120568913
Node_299;rename_Node_299;rename_Node_299;rename_Node_299;1.008412157973299
Node_1945;rename_Node_1945;rename_Node_1945;rename_Node_1945;1.0973370436938963
Node_2478;rename_Node_2478;rename_Node_2478;rename_Node_2478;0.9283718108475042
Node_2204;rename_Node_2204;rename_Node_2204;rename_Node_2204;1.104239217468281
Node_235;rename_Node_235;rename_Node_235;rename_Node_235;1.0312741672769536
Node_865;rename_Node_865;rename_Node_865;rename_Node_1444;1.0392938769033955
Node_1368;rename_Node_1368;rename_Node_1368;rename_Node_2325;1.1924489039835982
Node_1543;rename_Node_1543;rename_Node_1543;rename_Node_1425;1.1450198337375705
Node_889;rename_Node_889;rename_Node_889;rename_Node_889;1.0571205183832477
Node_314;rename_Node_314;rename_Node_314;rename_Node_1676;1.0804851539764784
Node_2174;rename_Node_2174;rename_Node_2174;rename_Node_2174;1.0865768526672128
Node_651;rename_Node_651;rename_Node_651;rename_Node_651;1.020326153957536
Node_1926;rename_Node_1926;rename_Node_1926;rename_Node_1926;0.9555040839758149
Node_1233;rename_Node_1233;rename_Node_1233;rename_Node_1233;1.1115372322901622
Node_2157;rename_Node_2157;rename_Node_2157;rename_Node_2157;1.0676277154441969
Node_274;rename_Node_274;rename_Node_274;rename_Node_274;0.8667913339370193
Node_2393;rename_Node_2393;rename_Node_2393;rename_Node_2393;1.091486514192367
Node_177;rename_Node_177;rename_Node_177;rename_Node_988;1.1340222166406695
Node_332;rename_Node_332;rename_Node_332;rename_Node_332;1.0745874019356736
Node_320;rename_Node_320;rename_Node_320;rename_Node_320;1.0306323075734658
Node_1053;rename_Node_1053;rename_Node_1053;rename_Node_1053;1.0437043662043228
Node_434;rename_Node_434;rename_Node_434;rename_Node_434;0.9016974814935448
Node_809;rename_Node_809;rename_Node_809;rename_Node_809;1.128755220065975
Node_74;rename_Node_74;rename_Node_74;rename_Node_74;1.0040514229149815
Node_361;rename_Node_361;rename_Node_361;rename_Node_470;1.145621526902065
Node_1153;rename_Node_1153;rename_Node_1153;rename_Node_1153;1.1273404015953215
Node_1848;rename_Node_1848;rename_Node_1848;rename_Node_706;1.1580637331295809
Node_1888;rename_Node_1888;rename_Node_1888;rename_Node_1888;0.9821983989167231
Node_1229;rename_Node_1229;rename_Node_1229;rename_Node_1229;1.0491269545706663
Node_2344;rename_Node_2344;rename_Node_2344;rename_Node_2372;1.144101973115783
Node_487;rename_Node_487;rename_Node_487;rename_Node_487;1.1317127564142646
Node_2385;rename_Node_2385;rename_Node_2385;rename_Node_2476;1.0283002613426293
Node_2118;rename_Node_2118;rename_Node_2118;rename_Node_2474;1.0188808030659755
Node_1353;rename_Node_1353;rename_Node_1353;rename_Node_340;1.1356750347880868
Node_2246;rename_Node_2246;rename_Node_2246;rename_Node_2246;1.0170805437847978
Node_178;rename_Node_178;rename_Node_178;rename_Node_178;1.093547212597209
Node_1270;rename_Node_1270;rename_Node_1270;rename_Node_1812;1.1079801772672837
Node_1825;rename_Node_1825;rename_Node_1825;rename_Node_1825;1.0219638445741732
Node_506;rename_Node_506;rename_Node_506;rename_Node_643;1.01607226425483
Node_1520;rename_Node_1520;rename_Node_1520;rename_Node_1520;1.0813378938947864
Node_1139;rename_Node_1139;rename_Node_1139;rename_Node_489;1.1671913579535405
Node_145;rename_Node_145;rename_Node_145;rename_Node_942;1.165147295651708
Node_963;rename_Node_963;rename_Node_963;rename_Node_963;0.8678339046385967
Node_1426;rename_Node_1426;rename_Node_1426;rename_Node_1481;1.0854593762987972
Node_1015;rename_Node_1015;rename_Node_1015;rename_Node_1015;1.0693559881140027
Node_740;rename_Node_740;rename_Node_740;rename_Node_585;1.1689651958515632
Node_1877;rename_Node_1877;rename_Node_1877;rename_Node_427;1.095310015735075
Node_2073;rename_Node_2073;rename_Node_2073;rename_Node_1599;1.0097661557023336
Node_1397;rename_Node_1397;rename_Node_1397;rename_Node_1397;0.9970990452649843
Node_126;rename_Node_126;rename_Node_126;rename_Node_126;1.0829816213546735
Node_1330;rename_Node_1330;rename_Node_1330;rename_Node_1330;0.857931862288862
Node_2484;rename_Node_2484;rename_Node_2484;rename_Node_200;0.9792313593038122
Node_2286;rename_Node_2286;rename_Node_2286;rename_Node_2286;1.0519806418105193
Node_929;rename_Node_929;rename_Node_929;rename_Node_929;1.0467391406127435
Node_234;rename_Node_234;rename_Node_234;rename_Node_529;1.0934275700535652
Node_1510;rename_Node_1510;rename_Node_1510;rename_Node_1510;0.9436762248606397
Node_524;rename_Node_524;rename_Node_524;rename_Node_524;1.0286435953201094
Node_2082;rename_Node_2082;rename_Node_2082;rename_Node_2082;1.0055973694281561
Node_149;rename_Node_149;rename_Node_149;rename_Node_149;0.990099100223362
Node_583;rename_Node_583;rename_Node_583;rename_Node_583;1.0123133024932778
Node_973;rename_Node_973;rename_Node_973;rename_Node_840;1.1539141597788323
Node_2151;rename_Node_2151;rename_Node_2151;rename_Node_1800;1.0194222994548554
Node_1851;rename_Node_1851;rename_Node_1851;rename_Node_793;1.106993530654062
Node_1434;rename_Node_1434;rename_Node_1434;rename_Node_1434;1.0577308570377681
Node_1335;rename_Node_1335;rename_Node_1335;rename_Node_1915;1.065323197931839
Node_1928;rename_Node_1928;rename_Node_1928;rename_Node_2021;1.0261233972954382
Node_80;rename_Node_80;rename_Node_80;rename_Node_80;1.0086445433959932
Node_1416;rename_Node_1416;rename_Node_1416;rename_Node_1416;1.1838249269469443
Node_1626;rename_Node_1626;rename_Node_1626;rename_Node_1626;1.1049490584658141
Node_415;rename_Node_415;rename_Node_415;rename_Node_794;1.1602467219403807
Node_1064;rename_Node_1064;rename_Node_1064;rename_Node_1064;1.094784354326949
Node_883;rename_Node_883;rename_Node_883;rename_Node_674;1.017794737947159
Node_1151;rename_Node_1151;rename_Node_1151;rename_Node_1456;1.198152602734626
Node_1724;rename_Node_1724;rename_Node_1724;rename_Node_1724;1.0470225139726537
Node_886;rename_Node_886;rename_Node_886;rename_Node_886;1.0733647569171931
Node_562;rename_Node_562;rename_Node_562;rename_Node_1818;1.1571740750109814
Node_1755;rename_Node_1755;rename_Node_1755;rename_Node_1574;1.1056552178932195
Node_746;rename_Node_746;rename_Node_746;rename_Node_1831;1.1331715505953424
Node_379;rename_Node_379;rename_Node_379;rename_Node_740;1.137099779460112
Node_1822;rename_Node_1822;rename_Node_1822;rename_Node_873;1.1465435187251167
Node_1252;rename_Node_1252;rename_Node_1252;rename_Node_1252;1.1396781788184693
Node_388;rename_Node_388;rename_Node_388;rename_Node_388;1.0767224257365982
Node_553;rename_Node_553;rename_Node_553;rename_Node_553;1.0606987930025427
Node_1939;rename_Node_1939;rename_Node_1939;rename_Node_1939;0.9843303282681397
Node_1535;rename_Node_1535;rename_Node_1535;rename_Node_2424;1.0531601887068756
Node_1747;rename_Node_1747;rename_Node_1747;rename_Node_2054;1.0611010333874706
Node_82;rename_Node_82;rename_Node_82;rename_Node_449;1.079502705560142
Node_312;rename_Node_312;rename_Node_312;rename_Node_312;1.08901344052212
Node_252;rename_Node_252;rename_Node_252;rename_Node_473;0.9855283819783773
Node_1751;rename_Node_1751;rename_Node_1751;rename_Node_1540;1.0394992669781375
Node_2358;rename_Node_2358;rename_Node_2358;rename_Node_935;1.0417390643998488
Node_2075;rename_Node_2075;rename_Node_2075;rename_Node_1985;1.1096762920801226
Node_1792;rename_Node_1792;rename_Node_1792;rename_Node_1792;1.1361716669256587
Node_280;rename_Node_280;rename_Node_280;rename_Node_280;1.0169281517311388
Node_1891;rename_Node_1891;rename_Node_1891;rename_Node_1355;1.151744409485319
Node_1506;rename_Node_1506;rename_Node_1506;rename_Node_1506;1.0956551307620783
Node_879;rename_Node_879;rename_Node_879;rename_Node_105;1.1051224915360076
Node_1714;rename_Node_1714;rename_Node_1714;rename_Node_1714;0.9323737842656444
Node_1462;rename_Node_1462;rename_Node_1462;rename_Node_1248;1.0066221220107892
Node_2140;rename_Node_2140;rename_Node_2140;rename_Node_2140;1.086520354644866
Node_714;rename_Node_714;rename_Node_714;rename_Node_714;1.0208009058088083
Node_978;rename_Node_978;rename_Node_978;rename_Node_978;1.0573088513615274
Node_2377;rename_Node_2377;rename_Node_2377;rename_Node_2377;1.020874229553403
Node_290;rename_Node_290;rename_Node_290;rename_Node_290;1.0910782501131817
Node_570;rename_Node_570;rename_Node_570;rename_Node_2166;0.9775177495224711
Node_870;rename_Node_870;rename_Node_870;rename_Node_870;0.9756513904181565
Node_563;rename_Node_563;rename_Node_563;rename_Node_563;0.9965316826814541
Node_841;rename_Node_841;rename_Node_841;rename_Node_2424;1.0170388121962892
Node_1336;rename_Node_1336;rename_Node_1336;rename_Node_1336;0.9883023907673762
Node_2135;rename_Node_2135;rename_Node_2135;rename_Node_1156;1.1015194341231644
Node_1195;rename_Node_1195;rename_Node_1195;rename_Node_1195;1.1471764264074051
Node_1894;rename_Node_1894;rename_Node_1894;rename_Node_1894;1.0634820133910632
Node_1855;rename_Node_1855;rename_Node_1855;rename_Node_1855;1.1473410601372076
Node_250;rename_Node_250;rename_Node_250;rename_Node_1385;1.0979214322104864
Node_1386;rename_Node_1386;rename_Node_1386;rename_Node_1837;1.163574637359242
Node_868;rename_Node_868;rename_Node_868;rename_Node_1946;1.0935882673582387
Node_1388;rename_Node_1388;rename_Node_1388;rename_Node_1388;1.043454939130719
Node_1130;rename_Node_1130;rename_Node_1130;rename_Node_1294;1.0484095263299713
Node_34;rename_Node_34;rename_Node_34;rename_Node_34;0.8906877597293582
Node_923;rename_Node_923;rename_Node_923;rename_Node_534;1.0613769169992673
Node_2379;rename_Node_2379;rename_Node_2379;rename_Node_2379;1.0153652339882493
Node_2147;rename_Node_2147;rename_Node_2147;rename_Node_2169;1.1715000195521477
Node_2383;rename_Node_2383;rename_Node_2383;rename_Node_1283;1.082835828732677
Node_2116;rename_Node_2116;rename_Node_2116;rename_Node_346;1.0933039426227829
Node_303;rename_Node_303;rename_Node_303;rename_Node_303;0.9922104924966356
Node_1640;rename_Node_1640;rename_Node_1640;rename_Node_1640;1.0194687839672163
Node_1942;rename_Node_1942;rename_Node_1942;rename_Node_1942;0.9028644822300638
Node_1745;rename_Node_1745;rename_Node_1745;rename_Node_1745;1.037206795418711
Node_641;rename_Node_641;rename_Node_641;rename_Node_641;0.974923373905966
Node_1629;rename_Node_1629;rename_Node_1629;rename_Node_559;1.0041201748101138
Node_1188;rename_Node_1188;rename_Node_1188;rename_Node_1199;1.0217661684326573
Node_1051;rename_Node_1051;rename_Node_1051;rename_Node_1051;1.0764548199469892
Node_2168;rename_Node_2168;rename_Node_2168;rename_Node_2168;0.9557380597586931
Node_1364;rename_Node_1364;rename_Node_1364;rename_Node_1364;1.168404081410678
Node_2267;rename_Node_2267;rename_Node_2267;rename_Node_2267;0.955580099011743
Node_139;rename_Node_139;rename_Node_139;rename_Node_1882;1.1285691585845152
Node_807;rename_Node_807;rename_Node_807;rename_Node_631;1.1320562597527053
Node_804;rename_Node_804;rename_Node_804;rename_Node_804;1.0562672536859672
Node_1228;rename_Node_1228;rename_Node_1228;rename_Node_1228;1.0612087005662474
Node_577;rename_Node_577;rename_Node_577;rename_Node_1745;0.9964017264076135
Node_1133;rename_Node_1133;rename_Node_1133;rename_Node_1133;0.9531822501108637
Node_1094;rename_Node_1094;rename_Node_1094;rename_Node_1094;0.8473325732290472
Node_157;rename_Node_157;rename_Node_157;rename_Node_157;1.1318671583686972
Node_2400;rename_Node_2400;rename_Node_2400;rename_Node_449;1.1150193575532514
Node_620;rename_Node_620;rename_Node_620;rename_Node_620;0.8312750926065573
Node_1010;rename_Node_1010;rename_Node_1010;rename_Node_1010;1.0240179696856027
Node_1923;rename_Node_1923;rename_Node_1923;rename_Node_1923;0.9685661034536119
Node_202;rename_Node_202;rename_Node_202;rename_Node_202;1.0811519809775114
Node_2307;rename_Node_2307;rename_Node_2307;rename_Node_2307;1.0011967442820642
Node_236;rename_Node_236;rename_Node_236;rename_Node_236;1.0858384643278092
Node_2472;rename_Node_2472;rename_Node_2472;rename_Node_2472;1.088141996393355
Node_1837;rename_Node_1837;rename_Node_1837;rename_Node_604;1.0780399757527663
Node_1759;rename_Node_1759;rename_Node_1759;rename_Node_1759;0.9401166290959974
Node_2401;rename_Node_2401;rename_Node_2401;rename_Node_2477;1.060470714429023
Node_628;rename_Node_628;rename_Node_628;rename_Node_1087;1.1722225226675453
Node_1033;rename_Node_1033;rename_Node_1033;rename_Node_1033;0.9662131301655739
Node_2341;rename_Node_2341;rename_Node_2341;rename_Node_2341;0.9954157749241453
Node_2404;rename_Node_2404;rename_Node_2404;rename_Node_2404;1.0612746297731475
Node_1774;rename_Node_1774;rename_Node_1774;rename_Node_1774;0.961584375491616
Node_2410;rename_Node_2410;rename_Node_2410;rename_Node_2410;0.9819964276162381
Node_1646;rename_Node_1646;rename_Node_1646;rename_Node_1646;1.0586855427338069
Node_1553;rename_Node_1553;rename_Node_1553;rename_Node_1553;0.9807515100503909
Node_1406;rename_Node_1406;rename_Node_1406;rename_Node_945;1.0956899520200818
Node_621;rename_Node_621;rename_Node_621;rename_Node_621;0.9728875532247803
Node_1591;rename_Node_1591;rename_Node_1591;rename_Node_1395;0.9945541453410426
Node_2133;rename_Node_2133;rename_Node_2133;rename_Node_2133;0.9741992530879189
Node_833;rename_Node_833;rename_Node_833;rename_Node_833;1.106154172263633
Node_1056;rename_Node_1056;rename_Node_1056;rename_Node_1056;1.0383394465163842
Node_5;rename_Node_5;rename_Node_5;rename_Node_5;1.0178777266632502
Node_291;rename_Node_291;rename_Node_291;rename_Node_291;1.0171877599559347
Node_1557;rename_Node_1557;rename_Node_1557;rename_Node_1953;1.1205325700609083
Node_111;rename_Node_111;rename_Node_111;rename_Node_1331;1.0691877789672926
Node_589;rename_Node_589;rename_Node_589;rename_Node_589;0.9768206471372167
Node_863;rename_Node_863;rename_Node_863;rename_Node_863;1.1339172388597525
Node_97;rename_Node_97;rename_Node_97;rename_Node_1811;1.023699295738782
Node_1460;rename_Node_1460;rename_Node_1460;rename_Node_1663;1.1247946722066247
Node_2247;rename_Node_2247;rename_Node_2247;rename_Node_1455;1.1347080241268082
Node_1920;rename_Node_1920;rename_Node_1920;rename_Node_1920;0.8696390654427993
Node_1251;rename_Node_1251;rename_Node_1251;rename_Node_1293;1.10191525670438
Node_471;rename_Node_471;rename_Node_471;rename_Node_507;1.1346262465286845
Node_2119;rename_Node_2119;rename_Node_2119;rename_Node_1477;1.1549028335557432
Node_2285;rename_Node_2285;rename_Node_2285;rename_Node_2285;0.9963944114763862
Node_1893;rename_Node_1893;rename_Node_1893;rename_Node_1273;1.0741586368859777
Node_847;rename_Node_847;rename_Node_847;rename_Node_1985;1.1025959449126275
Node_36;rename_Node_36;rename_Node_36;rename_Node_36;0.9201062845716509
Node_832;rename_Node_832;rename_Node_832;rename_Node_832;1.0655799770338925
Node_179;rename_Node_179;rename_Node_179;rename_Node_376;1.0784313306021245
Node_1534;rename_Node_1534;rename_Node_1534;rename_Node_1534;1.1121332445956578
Node_1613;rename_Node_1613;rename_Node_1613;rename_Node_1613;0.9829370413916132
Node_981;rename_Node_981;rename_Node_981;rename_Node_981;1.0034494054080962
Node_2163;rename_Node_2163;rename_Node_2163;rename_Node_1258;1.191844480017742
Node_266;rename_Node_266;rename_Node_266;rename_Node_266;1.0841714665030628
Node_2301;rename_Node_2301;rename_Node_2301;rename_Node_934;1.0964205268255012
Node_2185;rename_Node_2185;rename_Node_2185;rename_Node_1922;1.1030186291718729
Node_408;rename_Node_408;rename_Node_408;rename_Node_408;1.1507702354955693
Node_1525;rename_Node_1525;rename_Node_1525;rename_Node_1525;0.9836089594244447
Node_1402;rename_Node_1402;rename_Node_1402;rename_Node_1619;1.1146440270848523
Node_404;rename_Node_404;rename_Node_404;rename_Node_1692;1.038035886132015
Node_909;rename_Node_909;rename_Node_909;rename_Node_909;0.9332137942157549
Node_1090;rename_Node_1090;rename_Node_1090;rename_Node_380;1.0519116418793946
Node_359;rename_Node_359;rename_Node_359;rename_Node_359;1.1222349517732766
Node_1395;rename_Node_1395;rename_Node_1395;rename_Node_839;1.106910119604834
Node_2021;rename_Node_2021;rename_Node_2021;rename_Node_2220;1.1043485406972027
Node_699;rename_Node_699;rename_Node_699;rename_Node_2293;1.1810801440085765
Node_1148;rename_Node_1148;rename_Node_1148;rename_Node_753;1.1014663499419945
Node_301;rename_Node_301;rename_Node_301;rename_Node_1198;1.1390628213843097
Node_205;rename_Node_205;rename_Node_205;rename_Node_205;1.0867850653259619
Node_1071;rename_Node_1071;rename_Node_1071;rename_Node_673;1.1642379426362728
Node_1789;rename_Node_1789;rename_Node_1789;rename_Node_1789;1.0446769108307694
Node_1239;rename_Node_1239;rename_Node_1239;rename_Node_1239;1.0782066511469799
Node_2129;rename_Node_2129;rename_Node_2129;rename_Node_2187;1.139883637802524
Node_1320;rename_Node_1320;rename_Node_1320;rename_Node_55;1.064884089505393
Node_2353;rename_Node_2353;rename_Node_2353;rename_Node_1130;1.0584669294740117
Node_514;rename_Node_514;rename_Node_514;rename_Node_514;1.002814158167043
Node_2303;rename_Node_2303;rename_Node_2303;rename_Node_376;1.1128112514740867
Node_642;rename_Node_642;rename_Node_642;rename_Node_642;1.0332993852602432
Node_226;rename_Node_226;rename_Node_226;rename_Node_226;1.0506238058747386
Node_275;rename_Node_275;rename_Node_275;rename_Node_275;1.0115901860337708
Node_180;rename_Node_180;rename_Node_180;rename_Node_180;0.9952042718039454
Node_469;rename_Node_469;rename_Node_469;rename_Node_469;1.1122734009798152
Node_1392;rename_Node_1392;rename_Node_1392;rename_Node_1286;1.1015687088333064
Node_2456;rename_Node_2456;rename_Node_2456;rename_Node_1282;1.0815498312472618
Node_1011;rename_Node_1011;rename_Node_1011;rename_Node_2149;1.1546420074624686
Node_241;rename_Node_241;rename_Node_241;rename_Node_275;1.1170394437933693
Node_1107;rename_Node_1107;rename_Node_1107;rename_Node_1107;0.9372562402429583
Node_1118;rename_Node_1118;rename_Node_1118;rename_Node_1118;0.992734838887718
Node_1377;rename_Node_1377;rename_Node_1377;rename_Node_1119;1.0646843167883995
Node_1289;rename_Node_1289;rename_Node_1289;rename_Node_1008;1.1491125585073823
Node_1701;rename_Node_1701;rename_Node_1701;rename_Node_1701;1.094048596771033
Node_311;rename_Node_311;rename_Node_311;rename_Node_311;0.985161954167069
Node_1145;rename_Node_1145;rename_Node_1145;rename_Node_863;1.1531807304213737
Node_2496;rename_Node_2496;rename_Node_2496;rename_Node_2496;1.139109254111878
Node_1102;rename_Node_1102;rename_Node_1102;rename_Node_1102;0.8984724713621633
Node_1359;rename_Node_1359;rename_Node_1359;rename_Node_2222;1.1131486433810551
Node_294;rename_Node_294;rename_Node_294;rename_Node_294;1.0484388216709208
Node_2160;rename_Node_2160;rename_Node_2160;rename_Node_2327;1.095591505160181
Node_496;rename_Node_496;rename_Node_496;rename_Node_496;1.0285056577748641
Node_1583;rename_Node_1583;rename_Node_1583;rename_Node_1583;0.8815990633411422
Node_786;rename_Node_786;rename_Node_786;rename_Node_786;1.0385238956776794
Node_2430;rename_Node_2430;rename_Node_2430;rename_Node_2430;0.88804156443888
Node_743;rename_Node_743;rename_Node_743;rename_Node_743;1.0320359812277502
Node_1794;rename_Node_1794;rename_Node_1794;rename_Node_609;1.1402499997279634
Node_1074;rename_Node_1074;rename_Node_1074;rename_Node_1074;1.0781913496201625
Node_1247;rename_Node_1247;rename_Node_1247;rename_Node_1247;0.9790345356544815
Node_173;rename_Node_173;rename_Node_173;rename_Node_173;0.9766206855157017
Node_2417;rename_Node_2417;rename_Node_2417;rename_Node_2417;0.9438570907118434
Node_688;rename_Node_688;rename_Node_688;rename_Node_688;1.0811553693785991
Node_2010;rename_Node_2010;rename_Node_2010;rename_Node_2010;1.072141357369244
Node_1230;rename_Node_1230;rename_Node_1230;rename_Node_320;1.1600209644694992
Node_394;rename_Node_394;rename_Node_394;rename_Node_394;0.9696192072679499
Node_442;rename_Node_442;rename_Node_442;rename_Node_2027;1.1802894054167603
Node_1665;rename_Node_1665;rename_Node_1665;rename_Node_1665;1.0039103063258246
Node_1254;rename_Node_1254;rename_Node_1254;rename_Node_1254;0.991204014086992
Node_2148;rename_Node_2148;rename_Node_2148;rename_Node_2148;0.8539706808762927
Node_1815;rename_Node_1815;rename_Node_1815;rename_Node_2034;1.1251522443339883
Node_237;rename_Node_237;rename_Node_237;rename_Node_237;1.0051770634062933
Node_2453;rename_Node_2453;rename_Node_2453;rename_Node_1513;1.0165749540235436
Node_2296;rename_Node_2296;rename_Node_2296;rename_Node_524;1.1394493390903075
Node_1985;rename_Node_1985;rename_Node_1985;rename_Node_1985;1.028450646098582
Node_1860;rename_Node_1860;rename_Node_1860;rename_Node_1524;1.1338954746429084
Node_383;rename_Node_383;rename_Node_383;rename_Node_383;0.9844506775093862
Node_1220;rename_Node_1220;rename_Node_1220;rename_Node_1220;1.0395636088991405
Node_2095;rename_Node_2095;rename_Node_2095;rename_Node_2095;1.0928695742205066
Node_790;rename_Node_790;rename_Node_790;rename_Node_790;1.0214705936519701
Node_2214;rename_Node_2214;rename_Node_2214;rename_Node_2214;1.083218087984824
Node_2468;rename_Node_2468;rename_Node_2468;rename_Node_312;1.0731528428144423
Node_957;rename_Node_957;rename_Node_957;rename_Node_1835;1.1909633122720071
Node_924;rename_Node_924;rename_Node_924;rename_Node_924;1.1405963852350498
Node_2492;rename_Node_2492;rename_Node_2492;rename_Node_2492;1.1129616022725735
Node_117;rename_Node_117;rename_Node_117;rename_Node_918;1.0538214007116877
Node_1156;rename_Node_1156;rename_Node_1156;rename_Node_1156;1.1173152269656224
Node_2027;rename_Node_2027;rename_Node_2027;rename_Node_2027;0.9575980247549155
Node_406;rename_Node_406;rename_Node_406;rename_Node_550;1.0407813778774535
Node_1020;rename_Node_1020;rename_Node_1020;rename_Node_2354;1.1870700877182558
Node_985;rename_Node_985;rename_Node_985;rename_Node_858;1.1561415776948798
Node_2242;rename_Node_2242;rename_Node_2242;rename_Node_2494;1.1364411375610743
Node_1898;rename_Node_1898;rename_Node_1898;rename_Node_1075;1.0421433881409148
Node_1963;rename_Node_1963;rename_Node_1963;rename_Node_1963;1.0532804322564644
Node_2040;rename_Node_2040;rename_Node_2040;rename_Node_1002;1.097059063249715
Node_551;rename_Node_551;rename_Node_551;rename_Node_2075;1.1642225181698496
Node_685;rename_Node_685;rename_Node_685;rename_Node_22;1.0823656078427906
Node_430;rename_Node_430;rename_Node_430;rename_Node_2;1.1603316830948396
Node_1631;rename_Node_1631;rename_Node_1631;rename_Node_1413;1.1040836892490797
Node_1116;rename_Node_1116;rename_Node_1116;rename_Node_1116;1.0046690242279404
Node_2402;rename_Node_2402;rename_Node_2402;rename_Node_2402;1.0076829356026384
Node_813;rename_Node_813;rename_Node_813;rename_Node_813;1.0326386152652072
Node_2114;rename_Node_2114;rename_Node_2114;rename_Node_2114;1.0647564667730107
Node_1022;rename_Node_1022;rename_Node_1022;rename_Node_1776;1.0694442965640967
Node_842;rename_Node_842;rename_Node_842;rename_Node_842;1.098933775078187
Node_1654;rename_Node_1654;rename_Node_1654;rename_Node_1654;1.0909374891094545
Node_1241;rename_Node_1241;rename_Node_1241;rename_Node_1241;1.0825900275057476
Node_1769;rename_Node_1769;rename_Node_1769;rename_Node_245;1.1723923544127184
Node_156;rename_Node_156;rename_Node_156;rename_Node_156;0.9947443637649713
Node_2284;rename_Node_2284;rename_Node_2284;rename_Node_2143;1.1117227798574247
Node_1161;rename_Node_1161;rename_Node_1161;rename_Node_1161;1.0374901799324632
Node_2057;rename_Node_2057;rename_Node_2057;rename_Node_2057;1.0055114756579868
Node_1404;rename_Node_1404;rename_Node_1404;rename_Node_1404;0.9218207584631788
Node_1840;rename_Node_1840;rename_Node_1840;rename_Node_751;1.1727871393508176
Node_198;rename_Node_198;rename_Node_198;rename_Node_198;1.046882386915685
Node_845;rename_Node_845;rename_Node_845;rename_Node_845;1.0036181321154847
Node_2137;rename_Node_2137;rename_Node_2137;rename_Node_2137;0.9769678127105601
Node_329;rename_Node_329;rename_Node_329;rename_Node_39;1.1633296917511589
Node_772;rename_Node_772;rename_Node_772;rename_Node_772;1.0755276664661686
Node_1217;rename_Node_1217;rename_Node_1217;rename_Node_1217;1.0777094317760256
Node_1240;rename_Node_1240;rename_Node_1240;rename_Node_1240;1.0576510919248712
Node_2340;rename_Node_2340;rename_Node_2340;rename_Node_1716;1.028303345483119
Node_568;rename_Node_568;rename_Node_568;rename_Node_1972;1.01854876305586
